1,1,50,0,1,5
1,2,50,0,2,5
1,3,28,0,3,5
1,4,50,0,4,5
1,5,9,0,5,5
1,6,21,0,6,5
1,7,7,0,7,5
1,8,12,0,8,5
1,9,10,0,9,5
1,10,100,0,1,10
1,11,100,0,2,10
1,12,86,0,3,10
1,13,47,0,4,10
1,14,19,0,5,10
1,15,32,0,6,10
1,16,13,0,7,10
1,17,12,0,8,10
1,18,10,0,9,10
1,19,150,0,1,15
1,20,72,0,2,15
1,21,96,0,3,15
1,22,26,0,4,15
1,23,27,0,5,15
1,24,24,0,6,15
1,25,21,0,7,15
1,26,18,0,8,15
1,27,16,0,9,15
1,28,100,5,1,10
1,29,100,5,2,10
1,30,90,5,3,10
1,31,89,5,4,10
1,32,81,5,5,10
1,33,86,5,6,10
1,34,71,5,7,10
1,35,62,5,8,10
1,36,72,5,9,10
1,37,150,5,1,15
1,38,145,5,2,15
1,39,133,5,3,15
1,40,99,5,4,15
1,41,99,5,5,15
1,42,150,5,6,15
1,43,126,5,7,15
1,44,66,5,8,15
1,45,83,5,9,15
1,46,150,10,1,15
1,47,100,10,2,15
1,48,145,10,3,15
1,49,138,10,4,15
1,50,150,10,5,15
1,51,136,10,6,15
1,52,147,10,7,15
1,53,100,10,8,15
1,54,100,10,9,15
2,1,50,0,1,5
2,2,24,0,2,5
2,3,16,0,3,5
2,4,11,0,4,5
2,5,1,0,5,5
2,6,8,0,6,5
2,7,0,0,7,5
2,8,0,0,8,5
2,9,0,0,9,5
2,10,6,0,1,10
2,11,4,0,2,10
2,12,33,0,3,10
2,13,24,0,4,10
2,14,10,0,5,10
2,15,9,0,6,10
2,16,14,0,7,10
2,17,37,0,8,10
2,18,5,0,9,10
2,19,150,0,1,15
2,20,71,0,2,15
2,21,49,0,3,15
2,22,36,0,4,15
2,23,22,0,5,15
2,24,0,0,6,15
2,25,21,0,7,15
2,26,18,0,8,15
2,27,16,0,9,15
2,28,100,5,1,10
2,29,100,5,2,10
2,30,100,5,3,10
2,31,92,5,4,10
2,32,80,5,5,10
2,33,59,5,6,10
2,34,78,5,7,10
2,35,69,5,8,10
2,36,61,5,9,10
2,37,150,5,1,15
2,38,150,5,2,15
2,39,150,5,3,15
2,40,75,5,4,15
2,41,150,5,5,15
2,42,116,5,6,15
2,43,64,5,7,15
2,44,52,5,8,15
2,45,72,5,9,15
2,46,150,10,1,15
2,47,150,10,2,15
2,48,150,10,3,15
2,49,150,10,4,15
2,50,150,10,5,15
2,51,133,10,6,15
2,52,150,10,7,15
2,53,126,10,8,15
2,54,105,10,9,15
3,1,18,0,1,5
3,2,10,0,2,5
3,3,13,0,3,5
3,4,11,0,4,5
3,5,9,0,5,5
3,6,0,0,6,5
3,7,13,0,7,5
3,8,0,0,8,5
3,9,0,0,9,5
3,10,35,0,1,10
3,11,19,0,2,10
3,12,39,0,3,10
3,13,20,0,4,10
3,14,37,0,5,10
3,15,16,0,6,10
3,16,0,0,7,10
3,17,18,0,8,10
3,18,9,0,9,10
3,19,49,0,1,15
3,20,22,0,2,15
3,21,18,0,3,15
3,22,21,0,4,15
3,23,19,0,5,15
3,24,25,0,6,15
3,25,19,0,7,15
3,26,17,0,8,15
3,27,15,0,9,15
3,28,86,5,1,10
3,29,69,5,2,10
3,30,76,5,3,10
3,31,81,5,4,10
3,32,62,5,5,10
3,33,83,5,6,10
3,34,72,5,7,10
3,35,50,5,8,10
3,36,55,5,9,10
3,37,98,5,1,15
3,38,87,5,2,15
3,39,81,5,3,15
3,40,81,5,4,15
3,41,69,5,5,15
3,42,83,5,6,15
3,43,79,5,7,15
3,44,86,5,8,15
3,45,50,5,9,15
3,46,130,10,1,15
3,47,140,10,2,15
3,48,125,10,3,15
3,49,123,10,4,15
3,50,129,10,5,15
3,51,117,10,6,15
3,52,124,10,7,15
3,53,130,10,8,15
3,54,104,10,9,15
4,1,50,0,1,5
4,2,10,0,2,5
4,3,16,0,3,5
4,4,20,0,4,5
4,5,10,0,5,5
4,6,20,0,6,5
4,7,10,0,7,5
4,8,18,0,8,5
4,9,15,0,9,5
4,10,30,0,1,10
4,11,20,0,2,10
4,12,21,0,3,10
4,13,21,0,4,10
4,14,21,0,5,10
4,15,20,0,6,10
4,16,20,0,7,10
4,17,11,0,8,10
4,18,21,0,9,10
4,19,150,0,1,15
4,20,70,0,2,15
4,21,90,0,3,15
4,22,21,0,4,15
4,23,20,0,5,15
4,24,23,0,6,15
4,25,19,0,7,15
4,26,19,0,8,15
4,27,20,0,9,15
4,28,90,5,1,10
4,29,69,5,2,10
4,30,80,5,3,10
4,31,74,5,4,10
4,32,69,5,5,10
4,33,67,5,6,10
4,34,72,5,7,10
4,35,62,5,8,10
4,36,58,5,9,10
4,37,100,5,1,15
4,38,100,5,2,15
4,39,82,5,3,15
4,40,90,5,4,15
4,41,70,5,5,15
4,42,66,5,6,15
4,43,65,5,7,15
4,44,73,5,8,15
4,45,69,5,9,15
4,46,150,10,1,15
4,47,149,10,2,15
4,48,150,10,3,15
4,49,150,10,4,15
4,50,150,10,5,15
4,51,150,10,6,15
4,52,150,10,7,15
4,53,109,10,8,15
4,54,117,10,9,15
5,1,50,0,1,5
5,2,25,0,2,5
5,3,16,0,3,5
5,4,10,0,4,5
5,5,10,0,5,5
5,6,8,0,6,5
5,7,0,0,7,5
5,8,12,0,8,5
5,9,0,0,9,5
5,10,100,0,1,10
5,11,10,0,2,10
5,12,33,0,3,10
5,13,10,0,4,10
5,14,18,0,5,10
5,15,0,0,6,10
5,16,11,0,7,10
5,17,0,0,8,10
5,18,10,0,9,10
5,19,150,0,1,15
5,20,150,0,2,15
5,21,49,0,3,15
5,22,15,0,4,15
5,23,28,0,5,15
5,24,24,0,6,15
5,25,10,0,7,15
5,26,16,0,8,15
5,27,0,0,9,15
5,28,100,5,1,10
5,29,100,5,2,10
5,30,100,5,3,10
5,31,100,5,4,10
5,32,79,5,5,10
5,33,65,5,6,10
5,34,71,5,7,10
5,35,50,5,8,10
5,36,76,5,9,10
5,37,150,5,1,15
5,38,150,5,2,15
5,39,150,5,3,15
5,40,122,5,4,15
5,41,75,5,5,15
5,42,83,5,6,15
5,43,64,5,7,15
5,44,86,5,8,15
5,45,50,5,9,15
5,46,150,10,1,15
5,47,150,10,2,15
5,48,150,10,3,15
5,49,150,10,4,15
5,50,150,10,5,15
5,51,150,10,6,15
5,52,150,10,7,15
5,53,150,10,8,15
5,54,100,10,9,15
6,1,50,0,1,5
6,2,50,0,2,5
6,3,32,0,3,5
6,4,34,0,4,5
6,5,39,0,5,5
6,6,28,0,6,5
6,7,42,0,7,5
6,8,31,0,8,5
6,9,29,0,9,5
6,10,100,0,1,10
6,11,100,0,2,10
6,12,65,0,3,10
6,13,55,0,4,10
6,14,60,0,5,10
6,15,49,0,6,10
6,16,42,0,7,10
6,17,51,0,8,10
6,18,51,0,9,10
6,19,150,0,1,15
6,20,150,0,2,15
6,21,101,0,3,15
6,22,99,0,4,15
6,23,72,0,5,15
6,24,61,0,6,15
6,25,63,0,7,15
6,26,57,0,8,15
6,27,72,0,9,15
6,28,100,5,1,10
6,29,100,5,2,10
6,30,85,5,3,10
6,31,100,5,4,10
6,32,83,5,5,10
6,33,75,5,6,10
6,34,76,5,7,10
6,35,75,5,8,10
6,36,76,5,9,10
6,37,150,5,1,15
6,38,150,5,2,15
6,39,150,5,3,15
6,40,111,5,4,15
6,41,150,5,5,15
6,42,127,5,6,15
6,43,93,5,7,15
6,44,99,5,8,15
6,45,83,5,9,15
6,46,150,10,1,15
6,47,150,10,2,15
6,48,150,10,3,15
6,49,135,10,4,15
6,50,100,10,5,15
6,51,128,10,6,15
6,52,129,10,7,15
6,53,132,10,8,15
6,54,122,10,9,15
7,1,44,0,1,5
7,2,45,0,2,5
7,3,15,0,3,5
7,4,12,0,4,5
7,5,9,0,5,5
7,6,0,0,6,5
7,7,10,0,7,5
7,8,6,0,8,5
7,9,5,0,9,5
7,10,85,0,1,10
7,11,100,0,2,10
7,12,32,0,3,10
7,13,24,0,4,10
7,14,19,0,5,10
7,15,25,0,6,10
7,16,19,0,7,10
7,17,12,0,8,10
7,18,10,0,9,10
7,19,150,0,1,15
7,20,70,0,2,15
7,21,48,0,3,15
7,22,36,0,4,15
7,23,28,0,5,15
7,24,49,0,6,15
7,25,0,0,7,15
7,26,0,0,8,15
7,27,15,0,9,15
7,28,100,5,1,10
7,29,100,5,2,10
7,30,100,5,3,10
7,31,95,5,4,10
7,32,80,5,5,10
7,33,75,5,6,10
7,34,64,5,7,10
7,35,75,5,8,10
7,36,72,5,9,10
7,37,150,5,1,15
7,38,99,5,2,15
7,39,115,5,3,15
7,40,90,5,4,15
7,41,90,5,5,15
7,42,83,5,6,15
7,43,92,5,7,15
7,44,74,5,8,15
7,45,84,5,9,15
7,46,150,10,1,15
7,47,150,10,2,15
7,48,150,10,3,15
7,49,150,10,4,15
7,50,142,10,5,15
7,51,133,10,6,15
7,52,150,10,7,15
7,53,125,10,8,15
7,54,133,10,9,15
8,1,50,0,1,5
8,2,25,0,2,5
8,3,24,0,3,5
8,4,31,0,4,5
8,5,23,0,5,5
8,6,24,0,6,5
8,7,28,0,7,5
8,8,9,0,8,5
8,9,8,0,9,5
8,10,100,0,1,10
8,11,76,0,2,10
8,12,47,0,3,10
8,13,49,0,4,10
8,14,31,0,5,10
8,15,30,0,6,10
8,16,22,0,7,10
8,17,24,0,8,10
8,18,0,0,9,10
8,19,150,0,1,15
8,20,116,0,2,15
8,21,97,0,3,15
8,22,74,0,4,15
8,23,49,0,5,15
8,24,48,0,6,15
8,25,41,0,7,15
8,26,27,0,8,15
8,27,0,0,9,15
8,28,100,5,1,10
8,29,75,5,2,10
8,30,92,5,3,10
8,31,69,5,4,10
8,32,71,5,5,10
8,33,67,5,6,10
8,34,68,5,7,10
8,35,66,5,8,10
8,36,50,5,9,10
8,37,150,5,1,15
8,38,150,5,2,15
8,39,100,5,3,15
8,40,88,5,4,15
8,41,97,5,5,15
8,42,82,5,6,15
8,43,78,5,7,15
8,44,61,5,8,15
8,45,79,5,9,15
8,46,150,10,1,15
8,47,150,10,2,15
8,48,142,10,3,15
8,49,127,10,4,15
8,50,130,10,5,15
8,51,125,10,6,15
8,52,114,10,7,15
8,53,107,10,8,15
8,54,111,10,9,15
9,1,50,0,1,5
9,2,50,0,2,5
9,3,35,0,3,5
9,4,50,0,4,5
9,5,29,0,5,5
9,6,24,0,6,5
9,7,21,0,7,5
9,8,18,0,8,5
9,9,11,0,9,5
9,10,100,0,1,10
9,11,49,0,2,10
9,12,65,0,3,10
9,13,50,0,4,10
9,14,59,0,5,10
9,15,49,0,6,10
9,16,42,0,7,10
9,17,37,0,8,10
9,18,32,0,9,10
9,19,150,0,1,15
9,20,150,0,2,15
9,21,97,0,3,15
9,22,60,0,4,15
9,23,89,0,5,15
9,24,48,0,6,15
9,25,63,0,7,15
9,26,55,0,8,15
9,27,48,0,9,15
9,28,100,5,1,10
9,29,100,5,2,10
9,30,83,5,3,10
9,31,74,5,4,10
9,32,70,5,5,10
9,33,100,5,6,10
9,34,71,5,7,10
9,35,75,5,8,10
9,36,67,5,9,10
9,37,150,5,1,15
9,38,150,5,2,15
9,39,83,5,3,15
9,40,81,5,4,15
9,41,92,5,5,15
9,42,99,5,6,15
9,43,92,5,7,15
9,44,76,5,8,15
9,45,72,5,9,15
9,46,150,10,1,15
9,47,136,10,2,15
9,48,130,10,3,15
9,49,122,10,4,15
9,50,130,10,5,15
9,51,125,10,6,15
9,52,100,10,7,15
9,53,118,10,8,15
9,54,133,10,9,15
10,1,7,0,1,5
10,2,10,0,2,5
10,3,31,0,3,5
10,4,20,0,4,5
10,5,31,0,5,5
10,6,4,0,6,5
10,7,2,0,7,5
10,8,0,0,8,5
10,9,9,0,9,5
10,10,60,0,1,10
10,11,58,0,2,10
10,12,36,0,3,10
10,13,80,0,4,10
10,14,100,0,5,10
10,15,45,0,6,10
10,16,65,0,7,10
10,17,14,0,8,10
10,18,0,0,9,10
10,19,104,0,1,15
10,20,93,0,2,15
10,21,139,0,3,15
10,22,96,0,4,15
10,23,75,0,5,15
10,24,0,0,6,15
10,25,0,0,7,15
10,26,9,0,8,15
10,27,113,0,9,15
10,28,80,5,1,10
10,29,75,5,2,10
10,30,80,5,3,10
10,31,75,5,4,10
10,32,92,5,5,10
10,33,67,5,6,10
10,34,76,5,7,10
10,35,74,5,8,10
10,36,82,5,9,10
10,37,90,5,1,15
10,38,110,5,2,15
10,39,103,5,3,15
10,40,112,5,4,15
10,41,95,5,5,15
10,42,102,5,6,15
10,43,80,5,7,15
10,44,80,5,8,15
10,45,96,5,9,15
10,46,122,10,1,15
10,47,120,10,2,15
10,48,145,10,3,15
10,49,134,10,4,15
10,50,109,10,5,15
10,51,133,10,6,15
10,52,107,10,7,15
10,53,148,10,8,15
10,54,150,10,9,15
11,1,50,0,1,5
11,2,37,0,2,5
11,3,14,0,3,5
11,4,11,0,4,5
11,5,10,0,5,5
11,6,15,0,6,5
11,7,7,0,7,5
11,8,0,0,8,5
11,9,0,0,9,5
11,10,100,0,1,10
11,11,100,0,2,10
11,12,21,0,3,10
11,13,23,0,4,10
11,14,0,0,5,10
11,15,12,0,6,10
11,16,0,0,7,10
11,17,0,0,8,10
11,18,0,0,9,10
11,19,150,0,1,15
11,20,20,0,2,15
11,21,125,0,3,15
11,22,75,0,4,15
11,23,0,0,5,15
11,24,22,0,6,15
11,25,0,0,7,15
11,26,0,0,8,15
11,27,0,0,9,15
11,28,100,5,1,10
11,29,100,5,2,10
11,30,82,5,3,10
11,31,79,5,4,10
11,32,74,5,5,10
11,33,66,5,6,10
11,34,60,5,7,10
11,35,50,5,8,10
11,36,50,5,9,10
11,37,120,5,1,15
11,38,150,5,2,15
11,39,120,5,3,15
11,40,72,5,4,15
11,41,50,5,5,15
11,42,79,5,6,15
11,43,50,5,7,15
11,44,50,5,8,15
11,45,50,5,9,15
11,46,150,10,1,15
11,47,150,10,2,15
11,48,125,10,3,15
11,49,136,10,4,15
11,50,107,10,5,15
11,51,115,10,6,15
11,52,114,10,7,15
11,53,100,10,8,15
11,54,100,10,9,15
12,1,50,0,1,5
12,2,50,0,2,5
12,3,50,0,3,5
12,4,29,0,4,5
12,5,26,0,5,5
12,6,8,0,6,5
12,7,15,0,7,5
12,8,14,0,8,5
12,9,12,0,9,5
12,10,100,0,1,10
12,11,63,0,2,10
12,12,100,0,3,10
12,13,47,0,4,10
12,14,100,0,5,10
12,15,49,0,6,10
12,16,57,0,7,10
12,17,37,0,8,10
12,18,11,0,9,10
12,19,150,0,1,15
12,20,150,0,2,15
12,21,94,0,3,15
12,22,110,0,4,15
12,23,117,0,5,15
12,24,72,0,6,15
12,25,63,0,7,15
12,26,36,0,8,15
12,27,0,0,9,15
12,28,100,5,1,10
12,29,69,5,2,10
12,30,100,5,3,10
12,31,88,5,4,10
12,32,86,5,5,10
12,33,66,5,6,10
12,34,50,5,7,10
12,35,65,5,8,10
12,36,50,5,9,10
12,37,150,5,1,15
12,38,127,5,2,15
12,39,126,5,3,15
12,40,108,5,4,15
12,41,70,5,5,15
12,42,116,5,6,15
12,43,94,5,7,15
12,44,74,5,8,15
12,45,50,5,9,15
12,46,150,10,1,15
12,47,131,10,2,15
12,48,150,10,3,15
12,49,125,10,4,15
12,50,150,10,5,15
12,51,136,10,6,15
12,52,125,10,7,15
12,53,100,10,8,15
12,54,122,10,9,15
13,1,22,0,1,5
13,2,23,0,2,5
13,3,26,0,3,5
13,4,28,0,4,5
13,5,29,0,5,5
13,6,24,0,6,5
13,7,12,0,7,5
13,8,18,0,8,5
13,9,24,0,9,5
13,10,100,0,1,10
13,11,47,0,2,10
13,12,30,0,3,10
13,13,47,0,4,10
13,14,54,0,5,10
13,15,32,0,6,10
13,16,27,0,7,10
13,17,24,0,8,10
13,18,16,0,9,10
13,19,62,0,1,15
13,20,67,0,2,15
13,21,71,0,3,15
13,22,62,0,4,15
13,23,59,0,5,15
13,24,71,0,6,15
13,25,56,0,7,15
13,26,28,0,8,15
13,27,31,0,9,15
13,28,78,5,1,10
13,29,69,5,2,10
13,30,69,5,3,10
13,31,71,5,4,10
13,32,70,5,5,10
13,33,73,5,6,10
13,34,64,5,7,10
13,35,65,5,8,10
13,36,62,5,9,10
13,37,98,5,1,15
13,38,95,5,2,15
13,39,84,5,3,15
13,40,93,5,4,15
13,41,78,5,5,15
13,42,93,5,6,15
13,43,81,5,7,15
13,44,87,5,8,15
13,45,50,5,9,15
13,46,150,10,1,15
13,47,122,10,2,15
13,48,100,10,3,15
13,49,124,10,4,15
13,50,119,10,5,15
13,51,108,10,6,15
13,52,100,10,7,15
13,53,111,10,8,15
13,54,116,10,9,15
14,1,50,0,1,5
14,2,50,0,2,5
14,3,42,0,3,5
14,4,50,0,4,5
14,5,43,0,5,5
14,6,37,0,6,5
14,7,37,0,7,5
14,8,30,0,8,5
14,9,27,0,9,5
14,10,100,0,1,10
14,11,100,0,2,10
14,12,100,0,3,10
14,13,72,0,4,10
14,14,69,0,5,10
14,15,67,0,6,10
14,16,68,0,7,10
14,17,69,0,8,10
14,18,45,0,9,10
14,19,150,0,1,15
14,20,150,0,2,15
14,21,150,0,3,15
14,22,128,0,4,15
14,23,115,0,5,15
14,24,112,0,6,15
14,25,93,0,7,15
14,26,87,0,8,15
14,27,81,0,9,15
14,28,100,5,1,10
14,29,100,5,2,10
14,30,100,5,3,10
14,31,100,5,4,10
14,32,100,5,5,10
14,33,100,5,6,10
14,34,88,5,7,10
14,35,89,5,8,10
14,36,88,5,9,10
14,37,150,5,1,15
14,38,150,5,2,15
14,39,150,5,3,15
14,40,150,5,4,15
14,41,109,5,5,15
14,42,133,5,6,15
14,43,109,5,7,15
14,44,150,5,8,15
14,45,111,5,9,15
14,46,150,10,1,15
14,47,150,10,2,15
14,48,150,10,3,15
14,49,150,10,4,15
14,50,150,10,5,15
14,51,141,10,6,15
14,52,142,10,7,15
14,53,136,10,8,15
14,54,150,10,9,15
15,1,50,0,1,5
15,2,50,0,2,5
15,3,16,0,3,5
15,4,25,0,4,5
15,5,20,0,5,5
15,6,20,0,6,5
15,7,14,0,7,5
15,8,9,0,8,5
15,9,16,0,9,5
15,10,100,0,1,10
15,11,48,0,2,10
15,12,32,0,3,10
15,13,24,0,4,10
15,14,0,0,5,10
15,15,23,0,6,10
15,16,20,0,7,10
15,17,20,0,8,10
15,18,0,0,9,10
15,19,0,0,1,15
15,20,69,0,2,15
15,21,48,0,3,15
15,22,48,0,4,15
15,23,29,0,5,15
15,24,23,0,6,15
15,25,51,0,7,15
15,26,28,0,8,15
15,27,41,0,9,15
15,28,100,5,1,10
15,29,100,5,2,10
15,30,83,5,3,10
15,31,75,5,4,10
15,32,73,5,5,10
15,33,75,5,6,10
15,34,71,5,7,10
15,35,75,5,8,10
15,36,50,5,9,10
15,37,150,5,1,15
15,38,99,5,2,15
15,39,83,5,3,15
15,40,74,5,4,15
15,41,69,5,5,15
15,42,83,5,6,15
15,43,79,5,7,15
15,44,112,5,8,15
15,45,83,5,9,15
15,46,144,10,1,15
15,47,150,10,2,15
15,48,150,10,3,15
15,49,100,10,4,15
15,50,119,10,5,15
15,51,116,10,6,15
15,52,121,10,7,15
15,53,100,10,8,15
15,54,119,10,9,15
16,1,50,0,1,5
16,2,23,0,2,5
16,3,15,0,3,5
16,4,11,0,4,5
16,5,9,0,5,5
16,6,8,0,6,5
16,7,10,0,7,5
16,8,6,0,8,5
16,9,11,0,9,5
16,10,90,0,1,10
16,11,47,0,2,10
16,12,31,0,3,10
16,13,23,0,4,10
16,14,39,0,5,10
16,15,15,0,6,10
16,16,14,0,7,10
16,17,11,0,8,10
16,18,22,0,9,10
16,19,80,0,1,15
16,20,51,0,2,15
16,21,80,0,3,15
16,22,36,0,4,15
16,23,29,0,5,15
16,24,49,0,6,15
16,25,20,0,7,15
16,26,18,0,8,15
16,27,32,0,9,15
16,28,100,5,1,10
16,29,71,5,2,10
16,30,61,5,3,10
16,31,75,5,4,10
16,32,61,5,5,10
16,33,55,5,6,10
16,34,60,5,7,10
16,35,60,5,8,10
16,36,60,5,9,10
16,37,120,5,1,15
16,38,101,5,2,15
16,39,94,5,3,15
16,40,83,5,4,15
16,41,80,5,5,15
16,42,100,5,6,15
16,43,60,5,7,15
16,44,69,5,8,15
16,45,93,5,9,15
16,46,150,10,1,15
16,47,139,10,2,15
16,48,139,10,3,15
16,49,135,10,4,15
16,50,150,10,5,15
16,51,150,10,6,15
16,52,107,10,7,15
16,53,112,10,8,15
16,54,113,10,9,15
17,1,22,0,1,5
17,2,50,0,2,5
17,3,26,0,3,5
17,4,24,0,4,5
17,5,11,0,5,5
17,6,25,0,6,5
17,7,21,0,7,5
17,8,19,0,8,5
17,9,5,0,9,5
17,10,100,0,1,10
17,11,47,0,2,10
17,12,65,0,3,10
17,13,39,0,4,10
17,14,57,0,5,10
17,15,32,0,6,10
17,16,53,0,7,10
17,17,23,0,8,10
17,18,44,0,9,10
17,19,83,0,1,15
17,20,51,0,2,15
17,21,72,0,3,15
17,22,91,0,4,15
17,23,90,0,5,15
17,24,62,0,6,15
17,25,36,0,7,15
17,26,59,0,8,15
17,27,118,0,9,15
17,28,68,5,1,10
17,29,76,5,2,10
17,30,81,5,3,10
17,31,75,5,4,10
17,32,59,5,5,10
17,33,65,5,6,10
17,34,56,5,7,10
17,35,81,5,8,10
17,36,66,5,9,10
17,37,150,5,1,15
17,38,134,5,2,15
17,39,118,5,3,15
17,40,63,5,4,15
17,41,70,5,5,15
17,42,83,5,6,15
17,43,78,5,7,15
17,44,103,5,8,15
17,45,71,5,9,15
17,46,150,10,1,15
17,47,140,10,2,15
17,48,140,10,3,15
17,49,100,10,4,15
17,50,106,10,5,15
17,51,136,10,6,15
17,52,100,10,7,15
17,53,107,10,8,15
17,54,113,10,9,15
18,1,28,0,1,5
18,2,31,0,2,5
18,3,34,0,3,5
18,4,50,0,4,5
18,5,10,0,5,5
18,6,30,0,6,5
18,7,19,0,7,5
18,8,30,0,8,5
18,9,31,0,9,5
18,10,49,0,1,10
18,11,100,0,2,10
18,12,49,0,3,10
18,13,63,0,4,10
18,14,54,0,5,10
18,15,46,0,6,10
18,16,41,0,7,10
18,17,40,0,8,10
18,18,30,0,9,10
18,19,71,0,1,15
18,20,80,0,2,15
18,21,69,0,3,15
18,22,66,0,4,15
18,23,54,0,5,15
18,24,56,0,6,15
18,25,64,0,7,15
18,26,54,0,8,15
18,27,54,0,9,15
18,28,82,5,1,10
18,29,77,5,2,10
18,30,75,5,3,10
18,31,77,5,4,10
18,32,72,5,5,10
18,33,64,5,6,10
18,34,71,5,7,10
18,35,82,5,8,10
18,36,90,5,9,10
18,37,107,5,1,15
18,38,99,5,2,15
18,39,90,5,3,15
18,40,101,5,4,15
18,41,97,5,5,15
18,42,101,5,6,15
18,43,75,5,7,15
18,44,91,5,8,15
18,45,113,5,9,15
18,46,142,10,1,15
18,47,140,10,2,15
18,48,133,10,3,15
18,49,128,10,4,15
18,50,130,10,5,15
18,51,150,10,6,15
18,52,131,10,7,15
18,53,129,10,8,15
18,54,129,10,9,15
19,1,50,0,1,5
19,2,30,0,2,5
19,3,33,0,3,5
19,4,32,0,4,5
19,5,18,0,5,5
19,6,31,0,6,5
19,7,30,0,7,5
19,8,29,0,8,5
19,9,16,0,9,5
19,10,100,0,1,10
19,11,60,0,2,10
19,12,50,0,3,10
19,13,50,0,4,10
19,14,59,0,5,10
19,15,70,0,6,10
19,16,42,0,7,10
19,17,46,0,8,10
19,18,23,0,9,10
19,19,150,0,1,15
19,20,150,0,2,15
19,21,52,0,3,15
19,22,75,0,4,15
19,23,101,0,5,15
19,24,49,0,6,15
19,25,41,0,7,15
19,26,50,0,8,15
19,27,78,0,9,15
19,28,80,5,1,10
19,29,75,5,2,10
19,30,79,5,3,10
19,31,69,5,4,10
19,32,81,5,5,10
19,33,75,5,6,10
19,34,71,5,7,10
19,35,62,5,8,10
19,36,71,5,9,10
19,37,150,5,1,15
19,38,119,5,2,15
19,39,112,5,3,15
19,40,98,5,4,15
19,41,89,5,5,15
19,42,83,5,6,15
19,43,73,5,7,15
19,44,62,5,8,15
19,45,98,5,9,15
19,46,131,10,1,15
19,47,131,10,2,15
19,48,150,10,3,15
19,49,125,10,4,15
19,50,125,10,5,15
19,51,134,10,6,15
19,52,128,10,7,15
19,53,119,10,8,15
19,54,111,10,9,15
20,1,8,0,1,5
20,2,10,0,2,5
20,3,4,0,3,5
20,4,11,0,4,5
20,5,3,0,5,5
20,6,7,0,6,5
20,7,3,0,7,5
20,8,5,0,8,5
20,9,7,0,9,5
20,10,70,0,1,10
20,11,50,0,2,10
20,12,10,0,3,10
20,13,10,0,4,10
20,14,11,0,5,10
20,15,6,0,6,10
20,16,18,0,7,10
20,17,11,0,8,10
20,18,9,0,9,10
20,19,116,0,1,15
20,20,50,0,2,15
20,21,78,0,3,15
20,22,23,0,4,15
20,23,39,0,5,15
20,24,16,0,6,15
20,25,34,0,7,15
20,26,20,0,8,15
20,27,16,0,9,15
20,28,85,5,1,10
20,29,77,5,2,10
20,30,65,5,3,10
20,31,74,5,4,10
20,32,80,5,5,10
20,33,68,5,6,10
20,34,79,5,7,10
20,35,61,5,8,10
20,36,59,5,9,10
20,37,120,5,1,15
20,38,116,5,2,15
20,39,83,5,3,15
20,40,99,5,4,15
20,41,85,5,5,15
20,42,110,5,6,15
20,43,78,5,7,15
20,44,98,5,8,15
20,45,101,5,9,15
20,46,143,10,1,15
20,47,120,10,2,15
20,48,123,10,3,15
20,49,138,10,4,15
20,50,134,10,5,15
20,51,115,10,6,15
20,52,143,10,7,15
20,53,115,10,8,15
20,54,100,10,9,15
21,1,26,0,1,5
21,2,21,0,2,5
21,3,21,0,3,5
21,4,20,0,4,5
21,5,21,0,5,5
21,6,21,0,6,5
21,7,14,0,7,5
21,8,19,0,8,5
21,9,20,0,9,5
21,10,51,0,1,10
21,11,26,0,2,10
21,12,25,0,3,10
21,13,21,0,4,10
21,14,21,0,5,10
21,15,23,0,6,10
21,16,22,0,7,10
21,17,22,0,8,10
21,18,22,0,9,10
21,19,31,0,1,15
21,20,31,0,2,15
21,21,25,0,3,15
21,22,25,0,4,15
21,23,22,0,5,15
21,24,22,0,6,15
21,25,24,0,7,15
21,26,19,0,8,15
21,27,21,0,9,15
21,28,100,5,1,10
21,29,91,5,2,10
21,30,88,5,3,10
21,31,77,5,4,10
21,32,73,5,5,10
21,33,69,5,6,10
21,34,62,5,7,10
21,35,63,5,8,10
21,36,59,5,9,10
21,37,127,5,1,15
21,38,92,5,2,15
21,39,85,5,3,15
21,40,77,5,4,15
21,41,76,5,5,15
21,42,70,5,6,15
21,43,50,5,7,15
21,44,63,5,8,15
21,45,63,5,9,15
21,46,150,10,1,15
21,47,145,10,2,15
21,48,118,10,3,15
21,49,126,10,4,15
21,50,123,10,5,15
21,51,117,10,6,15
21,52,115,10,7,15
21,53,117,10,8,15
21,54,113,10,9,15
22,1,50,0,1,5
22,2,50,0,2,5
22,3,50,0,3,5
22,4,50,0,4,5
22,5,50,0,5,5
22,6,50,0,6,5
22,7,50,0,7,5
22,8,50,0,8,5
22,9,0,0,9,5
22,10,100,0,1,10
22,11,51,0,2,10
22,12,50,0,3,10
22,13,50,0,4,10
22,14,50,0,5,10
22,15,51,0,6,10
22,16,52,0,7,10
22,17,49,0,8,10
22,18,0,0,9,10
22,19,51,0,1,15
22,20,50,0,2,15
22,21,150,0,3,15
22,22,51,0,4,15
22,23,150,0,5,15
22,24,50,0,6,15
22,25,51,0,7,15
22,26,50,0,8,15
22,27,49,0,9,15
22,28,100,5,1,10
22,29,100,5,2,10
22,30,100,5,3,10
22,31,100,5,4,10
22,32,90,5,5,10
22,33,50,5,6,10
22,34,50,5,7,10
22,35,100,5,8,10
22,36,50,5,9,10
22,37,150,5,1,15
22,38,150,5,2,15
22,39,150,5,3,15
22,40,150,5,4,15
22,41,102,5,5,15
22,42,101,5,6,15
22,43,100,5,7,15
22,44,99,5,8,15
22,45,50,5,9,15
22,46,150,10,1,15
22,47,150,10,2,15
22,48,150,10,3,15
22,49,150,10,4,15
22,50,150,10,5,15
22,51,100,10,6,15
22,52,100,10,7,15
22,53,150,10,8,15
22,54,100,10,9,15
23,1,47,0,1,5
23,2,50,0,2,5
23,3,32,0,3,5
23,4,12,0,4,5
23,5,0,0,5,5
23,6,8,0,6,5
23,7,7,0,7,5
23,8,6,0,8,5
23,9,0,0,9,5
23,10,100,0,1,10
23,11,49,0,2,10
23,12,31,0,3,10
23,13,24,0,4,10
23,14,0,0,5,10
23,15,16,0,6,10
23,16,14,0,7,10
23,17,12,0,8,10
23,18,0,0,9,10
23,19,81,0,1,15
23,20,50,0,2,15
23,21,47,0,3,15
23,22,55,0,4,15
23,23,89,0,5,15
23,24,48,0,6,15
23,25,21,0,7,15
23,26,18,0,8,15
23,27,0,0,9,15
23,28,81,5,1,10
23,29,81,5,2,10
23,30,80,5,3,10
23,31,76,5,4,10
23,32,80,5,5,10
23,33,79,5,6,10
23,34,80,5,7,10
23,35,66,5,8,10
23,36,72,5,9,10
23,37,101,5,1,15
23,38,101,5,2,15
23,39,100,5,3,15
23,40,107,5,4,15
23,41,89,5,5,15
23,42,99,5,6,15
23,43,99,5,7,15
23,44,50,5,8,15
23,45,91,5,9,15
23,46,150,10,1,15
23,47,131,10,2,15
23,48,121,10,3,15
23,49,100,10,4,15
23,50,129,10,5,15
23,51,100,10,6,15
23,52,120,10,7,15
23,53,128,10,8,15
23,54,127,10,9,15
24,1,42,0,1,5
24,2,50,0,2,5
24,3,16,0,3,5
24,4,12,0,4,5
24,5,9,0,5,5
24,6,0,0,6,5
24,7,14,0,7,5
24,8,0,0,8,5
24,9,0,0,9,5
24,10,100,0,1,10
24,11,47,0,2,10
24,12,72,0,3,10
24,13,23,0,4,10
24,14,0,0,5,10
24,15,83,0,6,10
24,16,42,0,7,10
24,17,12,0,8,10
24,18,0,0,9,10
24,19,150,0,1,15
24,20,71,0,2,15
24,21,52,0,3,15
24,22,36,0,4,15
24,23,28,0,5,15
24,24,24,0,6,15
24,25,32,0,7,15
24,26,36,0,8,15
24,27,16,0,9,15
24,28,100,5,1,10
24,29,100,5,2,10
24,30,83,5,3,10
24,31,88,5,4,10
24,32,80,5,5,10
24,33,83,5,6,10
24,34,78,5,7,10
24,35,75,5,8,10
24,36,94,5,9,10
24,37,150,5,1,15
24,38,150,5,2,15
24,39,83,5,3,15
24,40,100,5,4,15
24,41,110,5,5,15
24,42,83,5,6,15
24,43,64,5,7,15
24,44,75,5,8,15
24,45,83,5,9,15
24,46,131,10,1,15
24,47,150,10,2,15
24,48,133,10,3,15
24,49,125,10,4,15
24,50,132,10,5,15
24,51,133,10,6,15
24,52,107,10,7,15
24,53,137,10,8,15
24,54,150,10,9,15
25,1,50,0,1,5
25,2,23,0,2,5
25,3,22,0,3,5
25,4,12,0,4,5
25,5,16,0,5,5
25,6,13,0,6,5
25,7,7,0,7,5
25,8,6,0,8,5
25,9,7,0,9,5
25,10,100,0,1,10
25,11,51,0,2,10
25,12,34,0,3,10
25,13,0,0,4,10
25,14,19,0,5,10
25,15,16,0,6,10
25,16,13,0,7,10
25,17,11,0,8,10
25,18,0,0,9,10
25,19,78,0,1,15
25,20,72,0,2,15
25,21,43,0,3,15
25,22,0,0,4,15
25,23,31,0,5,15
25,24,25,0,6,15
25,25,107,0,7,15
25,26,19,0,8,15
25,27,16,0,9,15
25,28,100,5,1,10
25,29,100,5,2,10
25,30,69,5,3,10
25,31,76,5,4,10
25,32,80,5,5,10
25,33,76,5,6,10
25,34,85,5,7,10
25,35,66,5,8,10
25,36,83,5,9,10
25,37,150,5,1,15
25,38,89,5,2,15
25,39,150,5,3,15
25,40,105,5,4,15
25,41,111,5,5,15
25,42,150,5,6,15
25,43,87,5,7,15
25,44,85,5,8,15
25,45,146,5,9,15
25,46,103,10,1,15
25,47,100,10,2,15
25,48,118,10,3,15
25,49,100,10,4,15
25,50,130,10,5,15
25,51,135,10,6,15
25,52,115,10,7,15
25,53,126,10,8,15
25,54,105,10,9,15
26,1,11,0,1,5
26,2,5,0,2,5
26,3,9,0,3,5
26,4,3,0,4,5
26,5,20,0,5,5
26,6,45,0,6,5
26,7,23,0,7,5
26,8,5,0,8,5
26,9,3,0,9,5
26,10,13,0,1,10
26,11,27,0,2,10
26,12,15,0,3,10
26,13,18,0,4,10
26,14,39,0,5,10
26,15,4,0,6,10
26,16,18,0,7,10
26,17,12,0,8,10
26,18,11,0,9,10
26,19,31,0,1,15
26,20,28,0,2,15
26,21,30,0,3,15
26,22,20,0,4,15
26,23,34,0,5,15
26,24,36,0,6,15
26,25,10,0,7,15
26,26,25,0,8,15
26,27,17,0,9,15
26,28,84,5,1,10
26,29,66,5,2,10
26,30,72,5,3,10
26,31,69,5,4,10
26,32,63,5,5,10
26,33,84,5,6,10
26,34,59,5,7,10
26,35,70,5,8,10
26,36,61,5,9,10
26,37,79,5,1,15
26,38,60,5,2,15
26,39,105,5,3,15
26,40,50,5,4,15
26,41,99,5,5,15
26,42,69,5,6,15
26,43,71,5,7,15
26,44,71,5,8,15
26,45,78,5,9,15
26,46,122,10,1,15
26,47,133,10,2,15
26,48,129,10,3,15
26,49,128,10,4,15
26,50,125,10,5,15
26,51,134,10,6,15
26,52,123,10,7,15
26,53,131,10,8,15
26,54,114,10,9,15
27,1,50,0,1,5
27,2,50,0,2,5
27,3,50,0,3,5
27,4,50,0,4,5
27,5,26,0,5,5
27,6,0,0,6,5
27,7,0,0,7,5
27,8,0,0,8,5
27,9,0,0,9,5
27,10,100,0,1,10
27,11,100,0,2,10
27,12,100,0,3,10
27,13,100,0,4,10
27,14,66,0,5,10
27,15,0,0,6,10
27,16,0,0,7,10
27,17,0,0,8,10
27,18,0,0,9,10
27,19,150,0,1,15
27,20,150,0,2,15
27,21,150,0,3,15
27,22,150,0,4,15
27,23,87,0,5,15
27,24,0,0,6,15
27,25,0,0,7,15
27,26,0,0,8,15
27,27,0,0,9,15
27,28,100,5,1,10
27,29,100,5,2,10
27,30,100,5,3,10
27,31,100,5,4,10
27,32,50,5,5,10
27,33,50,5,6,10
27,34,50,5,7,10
27,35,50,5,8,10
27,36,50,5,9,10
27,37,150,5,1,15
27,38,150,5,2,15
27,39,150,5,3,15
27,40,150,5,4,15
27,41,70,5,5,15
27,42,50,5,6,15
27,43,50,5,7,15
27,44,50,5,8,15
27,45,50,5,9,15
27,46,150,10,1,15
27,47,150,10,2,15
27,48,150,10,3,15
27,49,150,10,4,15
27,50,150,10,5,15
27,51,100,10,6,15
27,52,100,10,7,15
27,53,100,10,8,15
27,54,100,10,9,15
28,1,50,0,1,5
28,2,0,0,2,5
28,3,16,0,3,5
28,4,0,0,4,5
28,5,10,0,5,5
28,6,33,0,6,5
28,7,7,0,7,5
28,8,0,0,8,5
28,9,0,0,9,5
28,10,100,0,1,10
28,11,49,0,2,10
28,12,32,0,3,10
28,13,23,0,4,10
28,14,19,0,5,10
28,15,33,0,6,10
28,16,14,0,7,10
28,17,13,0,8,10
28,18,10,0,9,10
28,19,150,0,1,15
28,20,77,0,2,15
28,21,46,0,3,15
28,22,37,0,4,15
28,23,60,0,5,15
28,24,24,0,6,15
28,25,22,0,7,15
28,26,17,0,8,15
28,27,16,0,9,15
28,28,100,5,1,10
28,29,100,5,2,10
28,30,83,5,3,10
28,31,75,5,4,10
28,32,81,5,5,10
28,33,75,5,6,10
28,34,71,5,7,10
28,35,81,5,8,10
28,36,66,5,9,10
28,37,150,5,1,15
28,38,150,5,2,15
28,39,134,5,3,15
28,40,124,5,4,15
28,41,111,5,5,15
28,42,100,5,6,15
28,43,93,5,7,15
28,44,111,5,8,15
28,45,83,5,9,15
28,46,150,10,1,15
28,47,150,10,2,15
28,48,150,10,3,15
28,49,150,10,4,15
28,50,150,10,5,15
28,51,116,10,6,15
28,52,150,10,7,15
28,53,125,10,8,15
28,54,128,10,9,15
29,1,21,0,1,5
29,2,12,0,2,5
29,3,9,0,3,5
29,4,7,0,4,5
29,5,5,0,5,5
29,6,4,0,6,5
29,7,4,0,7,5
29,8,2,0,8,5
29,9,3,0,9,5
29,10,44,0,1,10
29,11,23,0,2,10
29,12,17,0,3,10
29,13,12,0,4,10
29,14,10,0,5,10
29,15,10,0,6,10
29,16,6,0,7,10
29,17,6,0,8,10
29,18,5,0,9,10
29,19,44,0,1,15
29,20,13,0,2,15
29,21,28,0,3,15
29,22,17,0,4,15
29,23,15,0,5,15
29,24,15,0,6,15
29,25,10,0,7,15
29,26,9,0,8,15
29,27,8,0,9,15
29,28,98,5,1,10
29,29,100,5,2,10
29,30,78,5,3,10
29,31,70,5,4,10
29,32,60,5,5,10
29,33,66,5,6,10
29,34,57,5,7,10
29,35,63,5,8,10
29,36,61,5,9,10
29,37,145,5,1,15
29,38,98,5,2,15
29,39,83,5,3,15
29,40,99,5,4,15
29,41,90,5,5,15
29,42,73,5,6,15
29,43,64,5,7,15
29,44,62,5,8,15
29,45,72,5,9,15
29,46,150,10,1,15
29,47,150,10,2,15
29,48,133,10,3,15
29,49,124,10,4,15
29,50,120,10,5,15
29,51,113,10,6,15
29,52,114,10,7,15
29,53,112,10,8,15
29,54,111,10,9,15
30,1,38,0,1,5
30,2,39,0,2,5
30,3,2,0,3,5
30,4,1,0,4,5
30,5,45,0,5,5
30,6,0,0,6,5
30,7,5,0,7,5
30,8,0,0,8,5
30,9,0,0,9,5
30,10,0,0,1,10
30,11,60,0,2,10
30,12,89,0,3,10
30,13,42,0,4,10
30,14,57,0,5,10
30,15,0,0,6,10
30,16,0,0,7,10
30,17,0,0,8,10
30,18,0,0,9,10
30,19,150,0,1,15
30,20,0,0,2,15
30,21,77,0,3,15
30,22,0,0,4,15
30,23,0,0,5,15
30,24,56,0,6,15
30,25,0,0,7,15
30,26,17,0,8,15
30,27,0,0,9,15
30,28,93,5,1,10
30,29,61,5,2,10
30,30,77,5,3,10
30,31,88,5,4,10
30,32,55,5,5,10
30,33,86,5,6,10
30,34,57,5,7,10
30,35,57,5,8,10
30,36,63,5,9,10
30,37,76,5,1,15
30,38,123,5,2,15
30,39,116,5,3,15
30,40,116,5,4,15
30,41,112,5,5,15
30,42,114,5,6,15
30,43,57,5,7,15
30,44,62,5,8,15
30,45,72,5,9,15
30,46,119,10,1,15
30,47,119,10,2,15
30,48,120,10,3,15
30,49,124,10,4,15
30,50,114,10,5,15
30,51,105,10,6,15
30,52,106,10,7,15
30,53,116,10,8,15
30,54,110,10,9,15
31,1,50,0,1,5
31,2,50,0,2,5
31,3,39,0,3,5
31,4,37,0,4,5
31,5,29,0,5,5
31,6,25,0,6,5
31,7,28,0,7,5
31,8,26,0,8,5
31,9,17,0,9,5
31,10,100,0,1,10
31,11,80,0,2,10
31,12,64,0,3,10
31,13,51,0,4,10
31,14,40,0,5,10
31,15,25,0,6,10
31,16,42,0,7,10
31,17,37,0,8,10
31,18,0,0,9,10
31,19,150,0,1,15
31,20,75,0,2,15
31,21,97,0,3,15
31,22,89,0,4,15
31,23,88,0,5,15
31,24,72,0,6,15
31,25,59,0,7,15
31,26,45,0,8,15
31,27,39,0,9,15
31,28,100,5,1,10
31,29,100,5,2,10
31,30,91,5,3,10
31,31,81,5,4,10
31,32,79,5,5,10
31,33,50,5,6,10
31,34,50,5,7,10
31,35,69,5,8,10
31,36,50,5,9,10
31,37,150,5,1,15
31,38,150,5,2,15
31,39,150,5,3,15
31,40,100,5,4,15
31,41,99,5,5,15
31,42,83,5,6,15
31,43,89,5,7,15
31,44,50,5,8,15
31,45,50,5,9,15
31,46,144,10,1,15
31,47,141,10,2,15
31,48,131,10,3,15
31,49,129,10,4,15
31,50,120,10,5,15
31,51,108,10,6,15
31,52,100,10,7,15
31,53,141,10,8,15
31,54,100,10,9,15
32,1,50,0,1,5
32,2,50,0,2,5
32,3,10,0,3,5
32,4,37,0,4,5
32,5,10,0,5,5
32,6,8,0,6,5
32,7,0,0,7,5
32,8,5,0,8,5
32,9,5,0,9,5
32,10,100,0,1,10
32,11,100,0,2,10
32,12,33,0,3,10
32,13,50,0,4,10
32,14,21,0,5,10
32,15,10,0,6,10
32,16,10,0,7,10
32,17,10,0,8,10
32,18,5,0,9,10
32,19,150,0,1,15
32,20,102,0,2,15
32,21,150,0,3,15
32,22,38,0,4,15
32,23,10,0,5,15
32,24,10,0,6,15
32,25,11,0,7,15
32,26,50,0,8,15
32,27,10,0,9,15
32,28,100,5,1,10
32,29,100,5,2,10
32,30,100,5,3,10
32,31,100,5,4,10
32,32,50,5,5,10
32,33,100,5,6,10
32,34,50,5,7,10
32,35,50,5,8,10
32,36,50,5,9,10
32,37,150,5,1,15
32,38,150,5,2,15
32,39,150,5,3,15
32,40,150,5,4,15
32,41,116,5,5,15
32,42,50,5,6,15
32,43,50,5,7,15
32,44,50,5,8,15
32,45,50,5,9,15
32,46,150,10,1,15
32,47,150,10,2,15
32,48,150,10,3,15
32,49,150,10,4,15
32,50,150,10,5,15
32,51,100,10,6,15
32,52,100,10,7,15
32,53,150,10,8,15
32,54,100,10,9,15
33,1,50,0,1,5
33,2,50,0,2,5
33,3,10,0,3,5
33,4,37,0,4,5
33,5,18,0,5,5
33,6,10,0,6,5
33,7,9,0,7,5
33,8,9,0,8,5
33,9,5,0,9,5
33,10,100,0,1,10
33,11,80,0,2,10
33,12,50,0,3,10
33,13,49,0,4,10
33,14,39,0,5,10
33,15,9,0,6,10
33,16,10,0,7,10
33,17,18,0,8,10
33,18,10,0,9,10
33,19,150,0,1,15
33,20,150,0,2,15
33,21,48,0,3,15
33,22,150,0,4,15
33,23,150,0,5,15
33,24,48,0,6,15
33,25,10,0,7,15
33,26,11,0,8,15
33,27,20,0,9,15
33,28,100,5,1,10
33,29,100,5,2,10
33,30,83,5,3,10
33,31,71,5,4,10
33,32,80,5,5,10
33,33,80,5,6,10
33,34,85,5,7,10
33,35,80,5,8,10
33,36,59,5,9,10
33,37,150,5,1,15
33,38,150,5,2,15
33,39,102,5,3,15
33,40,100,5,4,15
33,41,110,5,5,15
33,42,98,5,6,15
33,43,79,5,7,15
33,44,50,5,8,15
33,45,96,5,9,15
33,46,150,10,1,15
33,47,150,10,2,15
33,48,150,10,3,15
33,49,150,10,4,15
33,50,150,10,5,15
33,51,150,10,6,15
33,52,150,10,7,15
33,53,150,10,8,15
33,54,150,10,9,15
34,1,0,0,1,5
34,2,1,0,2,5
34,3,14,0,3,5
34,4,0,0,4,5
34,5,0,0,5,5
34,6,0,0,6,5
34,7,0,0,7,5
34,8,0,0,8,5
34,9,0,0,9,5
34,10,100,0,1,10
34,11,22,0,2,10
34,12,31,0,3,10
34,13,0,0,4,10
34,14,0,0,5,10
34,15,0,0,6,10
34,16,0,0,7,10
34,17,0,0,8,10
34,18,0,0,9,10
34,19,20,0,1,15
34,20,70,0,2,15
34,21,0,0,3,15
34,22,31,0,4,15
34,23,0,0,5,15
34,24,0,0,6,15
34,25,0,0,7,15
34,26,0,0,8,15
34,27,0,0,9,15
34,28,100,5,1,10
34,29,61,5,2,10
34,30,61,5,3,10
34,31,50,5,4,10
34,32,50,5,5,10
34,33,50,5,6,10
34,34,59,5,7,10
34,35,50,5,8,10
34,36,56,5,9,10
34,37,99,5,1,15
34,38,50,5,2,15
34,39,82,5,3,15
34,40,50,5,4,15
34,41,89,5,5,15
34,42,50,5,6,15
34,43,78,5,7,15
34,44,72,5,8,15
34,45,70,5,9,15
34,46,100,10,1,15
34,47,100,10,2,15
34,48,117,10,3,15
34,49,100,10,4,15
34,50,100,10,5,15
34,51,100,10,6,15
34,52,100,10,7,15
34,53,100,10,8,15
34,54,100,10,9,15
35,1,25,0,1,5
35,2,28,0,2,5
35,3,29,0,3,5
35,4,33,0,4,5
35,5,37,0,5,5
35,6,36,0,6,5
35,7,36,0,7,5
35,8,35,0,8,5
35,9,45,0,9,5
35,10,53,0,1,10
35,11,52,0,2,10
35,12,59,0,3,10
35,13,59,0,4,10
35,14,65,0,5,10
35,15,69,0,6,10
35,16,71,0,7,10
35,17,79,0,8,10
35,18,88,0,9,10
35,19,77,0,1,15
35,20,93,0,2,15
35,21,86,0,3,15
35,22,103,0,4,15
35,23,89,0,5,15
35,24,100,0,6,15
35,25,104,0,7,15
35,26,119,0,8,15
35,27,138,0,9,15
35,28,78,5,1,10
35,29,72,5,2,10
35,30,81,5,3,10
35,31,89,5,4,10
35,32,80,5,5,10
35,33,90,5,6,10
35,34,85,5,7,10
35,35,77,5,8,10
35,36,82,5,9,10
35,37,103,5,1,15
35,38,126,5,2,15
35,39,131,5,3,15
35,40,117,5,4,15
35,41,110,5,5,15
35,42,116,5,6,15
35,43,121,5,7,15
35,44,112,5,8,15
35,45,110,5,9,15
35,46,122,10,1,15
35,47,131,10,2,15
35,48,123,10,3,15
35,49,138,10,4,15
35,50,136,10,5,15
35,51,141,10,6,15
35,52,135,10,7,15
35,53,127,10,8,15
35,54,128,10,9,15
36,1,33,0,1,5
36,2,9,0,2,5
36,3,36,0,3,5
36,4,12,0,4,5
36,5,8,0,5,5
36,6,13,0,6,5
36,7,22,0,7,5
36,8,26,0,8,5
36,9,27,0,9,5
36,10,23,0,1,10
36,11,62,0,2,10
36,12,43,0,3,10
36,13,91,0,4,10
36,14,96,0,5,10
36,15,51,0,6,10
36,16,44,0,7,10
36,17,69,0,8,10
36,18,100,0,9,10
36,19,67,0,1,15
36,20,7,0,2,15
36,21,53,0,3,15
36,22,150,0,4,15
36,23,145,0,5,15
36,24,66,0,6,15
36,25,43,0,7,15
36,26,150,0,8,15
36,27,150,0,9,15
36,28,64,5,1,10
36,29,99,5,2,10
36,30,93,5,3,10
36,31,87,5,4,10
36,32,93,5,5,10
36,33,65,5,6,10
36,34,100,5,7,10
36,35,100,5,8,10
36,36,94,5,9,10
36,37,84,5,1,15
36,38,102,5,2,15
36,39,121,5,3,15
36,40,130,5,4,15
36,41,150,5,5,15
36,42,143,5,6,15
36,43,150,5,7,15
36,44,142,5,8,15
36,45,121,5,9,15
36,46,129,10,1,15
36,47,135,10,2,15
36,48,138,10,3,15
36,49,150,10,4,15
36,50,130,10,5,15
36,51,147,10,6,15
36,52,144,10,7,15
36,53,150,10,8,15
36,54,144,10,9,15
37,1,5,0,1,5
37,2,10,0,2,5
37,3,15,0,3,5
37,4,0,0,4,5
37,5,0,0,5,5
37,6,0,0,6,5
37,7,0,0,7,5
37,8,0,0,8,5
37,9,0,0,9,5
37,10,10,0,1,10
37,11,20,0,2,10
37,12,10,0,3,10
37,13,0,0,4,10
37,14,30,0,5,10
37,15,0,0,6,10
37,16,30,0,7,10
37,17,70,0,8,10
37,18,0,0,9,10
37,19,0,0,1,15
37,20,0,0,2,15
37,21,0,0,3,15
37,22,15,0,4,15
37,23,15,0,5,15
37,24,0,0,6,15
37,25,0,0,7,15
37,26,45,0,8,15
37,27,60,0,9,15
37,28,65,5,1,10
37,29,55,5,2,10
37,30,60,5,3,10
37,31,80,5,4,10
37,32,50,5,5,10
37,33,50,5,6,10
37,34,60,5,7,10
37,35,55,5,8,10
37,36,60,5,9,10
37,37,60,5,1,15
37,38,70,5,2,15
37,39,80,5,3,15
37,40,50,5,4,15
37,41,50,5,5,15
37,42,50,5,6,15
37,43,50,5,7,15
37,44,50,5,8,15
37,45,50,5,9,15
37,46,100,10,1,15
37,47,105,10,2,15
37,48,100,10,3,15
37,49,100,10,4,15
37,50,110,10,5,15
37,51,120,10,6,15
37,52,105,10,7,15
37,53,135,10,8,15
37,54,100,10,9,15
38,1,0,0,1,5
38,2,23,0,2,5
38,3,8,0,3,5
38,4,11,0,4,5
38,5,0,0,5,5
38,6,8,0,6,5
38,7,0,0,7,5
38,8,6,0,8,5
38,9,5,0,9,5
38,10,100,0,1,10
38,11,46,0,2,10
38,12,32,0,3,10
38,13,23,0,4,10
38,14,24,0,5,10
38,15,14,0,6,10
38,16,13,0,7,10
38,17,11,0,8,10
38,18,0,0,9,10
38,19,150,0,1,15
38,20,73,0,2,15
38,21,46,0,3,15
38,22,35,0,4,15
38,23,27,0,5,15
38,24,22,0,6,15
38,25,20,0,7,15
38,26,16,0,8,15
38,27,16,0,9,15
38,28,100,5,1,10
38,29,88,5,2,10
38,30,84,5,3,10
38,31,87,5,4,10
38,32,79,5,5,10
38,33,68,5,6,10
38,34,62,5,7,10
38,35,65,5,8,10
38,36,50,5,9,10
38,37,150,5,1,15
38,38,98,5,2,15
38,39,81,5,3,15
38,40,79,5,4,15
38,41,67,5,5,15
38,42,82,5,6,15
38,43,50,5,7,15
38,44,107,5,8,15
38,45,50,5,9,15
38,46,128,10,1,15
38,47,150,10,2,15
38,48,150,10,3,15
38,49,130,10,4,15
38,50,122,10,5,15
38,51,120,10,6,15
38,52,114,10,7,15
38,53,100,10,8,15
38,54,106,10,9,15
39,1,50,0,1,5
39,2,50,0,2,5
39,3,16,0,3,5
39,4,24,0,4,5
39,5,50,0,5,5
39,6,16,0,6,5
39,7,14,0,7,5
39,8,12,0,8,5
39,9,11,0,9,5
39,10,100,0,1,10
39,11,100,0,2,10
39,12,100,0,3,10
39,13,58,0,4,10
39,14,39,0,5,10
39,15,33,0,6,10
39,16,28,0,7,10
39,17,25,0,8,10
39,18,0,0,9,10
39,19,150,0,1,15
39,20,150,0,2,15
39,21,97,0,3,15
39,22,75,0,4,15
39,23,60,0,5,15
39,24,49,0,6,15
39,25,42,0,7,15
39,26,37,0,8,15
39,27,32,0,9,15
39,28,91,5,1,10
39,29,100,5,2,10
39,30,81,5,3,10
39,31,75,5,4,10
39,32,70,5,5,10
39,33,75,5,6,10
39,34,67,5,7,10
39,35,68,5,8,10
39,36,61,5,9,10
39,37,150,5,1,15
39,38,150,5,2,15
39,39,131,5,3,15
39,40,134,5,4,15
39,41,111,5,5,15
39,42,100,5,6,15
39,43,98,5,7,15
39,44,100,5,8,15
39,45,83,5,9,15
39,46,150,10,1,15
39,47,150,10,2,15
39,48,133,10,3,15
39,49,150,10,4,15
39,50,130,10,5,15
39,51,125,10,6,15
39,52,128,10,7,15
39,53,131,10,8,15
39,54,111,10,9,15
40,1,50,0,1,5
40,2,50,0,2,5
40,3,50,0,3,5
40,4,50,0,4,5
40,5,0,0,5,5
40,6,0,0,6,5
40,7,0,0,7,5
40,8,0,0,8,5
40,9,0,0,9,5
40,10,100,0,1,10
40,11,100,0,2,10
40,12,100,0,3,10
40,13,100,0,4,10
40,14,0,0,5,10
40,15,0,0,6,10
40,16,0,0,7,10
40,17,0,0,8,10
40,18,0,0,9,10
40,19,150,0,1,15
40,20,150,0,2,15
40,21,150,0,3,15
40,22,150,0,4,15
40,23,0,0,5,15
40,24,0,0,6,15
40,25,0,0,7,15
40,26,0,0,8,15
40,27,0,0,9,15
40,28,100,5,1,10
40,29,100,5,2,10
40,30,100,5,3,10
40,31,100,5,4,10
40,32,50,5,5,10
40,33,100,5,6,10
40,34,50,5,7,10
40,35,50,5,8,10
40,36,50,5,9,10
40,37,150,5,1,15
40,38,150,5,2,15
40,39,150,5,3,15
40,40,150,5,4,15
40,41,50,5,5,15
40,42,50,5,6,15
40,43,50,5,7,15
40,44,50,5,8,15
40,45,50,5,9,15
40,46,150,10,1,15
40,47,150,10,2,15
40,48,150,10,3,15
40,49,150,10,4,15
40,50,150,10,5,15
40,51,100,10,6,15
40,52,100,10,7,15
40,53,100,10,8,15
40,54,100,10,9,15
41,1,50,0,1,5
41,2,50,0,2,5
41,3,22,0,3,5
41,4,50,0,4,5
41,5,50,0,5,5
41,6,0,0,6,5
41,7,0,0,7,5
41,8,0,0,8,5
41,9,0,0,9,5
41,10,83,0,1,10
41,11,50,0,2,10
41,12,63,0,3,10
41,13,49,0,4,10
41,14,39,0,5,10
41,15,26,0,6,10
41,16,27,0,7,10
41,17,49,0,8,10
41,18,32,0,9,10
41,19,117,0,1,15
41,20,131,0,2,15
41,21,99,0,3,15
41,22,69,0,4,15
41,23,74,0,5,15
41,24,81,0,6,15
41,25,63,0,7,15
41,26,28,0,8,15
41,27,49,0,9,15
41,28,94,5,1,10
41,29,80,5,2,10
41,30,70,5,3,10
41,31,60,5,4,10
41,32,70,5,5,10
41,33,74,5,6,10
41,34,79,5,7,10
41,35,75,5,8,10
41,36,83,5,9,10
41,37,139,5,1,15
41,38,130,5,2,15
41,39,81,5,3,15
41,40,99,5,4,15
41,41,107,5,5,15
41,42,89,5,6,15
41,43,71,5,7,15
41,44,80,5,8,15
41,45,72,5,9,15
41,46,144,10,1,15
41,47,150,10,2,15
41,48,150,10,3,15
41,49,117,10,4,15
41,50,100,10,5,15
41,51,116,10,6,15
41,52,117,10,7,15
41,53,125,10,8,15
41,54,100,10,9,15
42,1,50,0,1,5
42,2,50,0,2,5
42,3,50,0,3,5
42,4,50,0,4,5
42,5,10,0,5,5
42,6,0,0,6,5
42,7,0,0,7,5
42,8,0,0,8,5
42,9,0,0,9,5
42,10,100,0,1,10
42,11,100,0,2,10
42,12,100,0,3,10
42,13,26,0,4,10
42,14,18,0,5,10
42,15,0,0,6,10
42,16,12,0,7,10
42,17,0,0,8,10
42,18,0,0,9,10
42,19,150,0,1,15
42,20,150,0,2,15
42,21,46,0,3,15
42,22,36,0,4,15
42,23,28,0,5,15
42,24,23,0,6,15
42,25,19,0,7,15
42,26,16,0,8,15
42,27,0,0,9,15
42,28,100,5,1,10
42,29,100,5,2,10
42,30,78,5,3,10
42,31,76,5,4,10
42,32,70,5,5,10
42,33,75,5,6,10
42,34,50,5,7,10
42,35,57,5,8,10
42,36,55,5,9,10
42,37,150,5,1,15
42,38,99,5,2,15
42,39,150,5,3,15
42,40,100,5,4,15
42,41,81,5,5,15
42,42,83,5,6,15
42,43,98,5,7,15
42,44,100,5,8,15
42,45,72,5,9,15
42,46,150,10,1,15
42,47,150,10,2,15
42,48,117,10,3,15
42,49,150,10,4,15
42,50,150,10,5,15
42,51,150,10,6,15
42,52,133,10,7,15
42,53,108,10,8,15
42,54,100,10,9,15
43,1,34,0,1,5
43,2,24,0,2,5
43,3,0,0,3,5
43,4,12,0,4,5
43,5,19,0,5,5
43,6,4,0,6,5
43,7,0,0,7,5
43,8,0,0,8,5
43,9,0,0,9,5
43,10,89,0,1,10
43,11,47,0,2,10
43,12,21,0,3,10
43,13,37,0,4,10
43,14,40,0,5,10
43,15,16,0,6,10
43,16,13,0,7,10
43,17,12,0,8,10
43,18,32,0,9,10
43,19,150,0,1,15
43,20,51,0,2,15
43,21,48,0,3,15
43,22,57,0,4,15
43,23,59,0,5,15
43,24,49,0,6,15
43,25,21,0,7,15
43,26,54,0,8,15
43,27,32,0,9,15
43,28,95,5,1,10
43,29,50,5,2,10
43,30,50,5,3,10
43,31,50,5,4,10
43,32,50,5,5,10
43,33,79,5,6,10
43,34,50,5,7,10
43,35,50,5,8,10
43,36,50,5,9,10
43,37,147,5,1,15
43,38,150,5,2,15
43,39,102,5,3,15
43,40,75,5,4,15
43,41,109,5,5,15
43,42,100,5,6,15
43,43,78,5,7,15
43,44,50,5,8,15
43,45,60,5,9,15
43,46,100,10,1,15
43,47,100,10,2,15
43,48,100,10,3,15
43,49,100,10,4,15
43,50,100,10,5,15
43,51,100,10,6,15
43,52,107,10,7,15
43,53,100,10,8,15
43,54,100,10,9,15
44,1,50,0,1,5
44,2,23,0,2,5
44,3,23,0,3,5
44,4,9,0,4,5
44,5,24,0,5,5
44,6,17,0,6,5
44,7,8,0,7,5
44,8,10,0,8,5
44,9,0,0,9,5
44,10,100,0,1,10
44,11,59,0,2,10
44,12,51,0,3,10
44,13,42,0,4,10
44,14,19,0,5,10
44,15,27,0,6,10
44,16,24,0,7,10
44,17,0,0,8,10
44,18,0,0,9,10
44,19,150,0,1,15
44,20,136,0,2,15
44,21,122,0,3,15
44,22,95,0,4,15
44,23,42,0,5,15
44,24,46,0,6,15
44,25,0,0,7,15
44,26,0,0,8,15
44,27,0,0,9,15
44,28,91,5,1,10
44,29,89,5,2,10
44,30,82,5,3,10
44,31,74,5,4,10
44,32,67,5,5,10
44,33,76,5,6,10
44,34,59,5,7,10
44,35,66,5,8,10
44,36,63,5,9,10
44,37,150,5,1,15
44,38,140,5,2,15
44,39,103,5,3,15
44,40,106,5,4,15
44,41,102,5,5,15
44,42,92,5,6,15
44,43,89,5,7,15
44,44,94,5,8,15
44,45,73,5,9,15
44,46,150,10,1,15
44,47,150,10,2,15
44,48,133,10,3,15
44,49,122,10,4,15
44,50,118,10,5,15
44,51,119,10,6,15
44,52,124,10,7,15
44,53,128,10,8,15
44,54,150,10,9,15
45,1,50,0,1,5
45,2,12,0,2,5
45,3,16,0,3,5
45,4,7,0,4,5
45,5,25,0,5,5
45,6,8,0,6,5
45,7,34,0,7,5
45,8,18,0,8,5
45,9,11,0,9,5
45,10,100,0,1,10
45,11,100,0,2,10
45,12,100,0,3,10
45,13,49,0,4,10
45,14,56,0,5,10
45,15,32,0,6,10
45,16,28,0,7,10
45,17,20,0,8,10
45,18,33,0,9,10
45,19,150,0,1,15
45,20,150,0,2,15
45,21,140,0,3,15
45,22,75,0,4,15
45,23,60,0,5,15
45,24,49,0,6,15
45,25,52,0,7,15
45,26,67,0,8,15
45,27,32,0,9,15
45,28,100,5,1,10
45,29,100,5,2,10
45,30,67,5,3,10
45,31,85,5,4,10
45,32,71,5,5,10
45,33,90,5,6,10
45,34,68,5,7,10
45,35,68,5,8,10
45,36,67,5,9,10
45,37,150,5,1,15
45,38,131,5,2,15
45,39,124,5,3,15
45,40,104,5,4,15
45,41,81,5,5,15
45,42,102,5,6,15
45,43,86,5,7,15
45,44,92,5,8,15
45,45,50,5,9,15
45,46,150,10,1,15
45,47,141,10,2,15
45,48,141,10,3,15
45,49,132,10,4,15
45,50,119,10,5,15
45,51,115,10,6,15
45,52,128,10,7,15
45,53,130,10,8,15
45,54,128,10,9,15
46,1,50,0,1,5
46,2,34,0,2,5
46,3,32,0,3,5
46,4,24,0,4,5
46,5,9,0,5,5
46,6,18,0,6,5
46,7,0,0,7,5
46,8,18,0,8,5
46,9,16,0,9,5
46,10,100,0,1,10
46,11,64,0,2,10
46,12,33,0,3,10
46,13,50,0,4,10
46,14,18,0,5,10
46,15,16,0,6,10
46,16,13,0,7,10
46,17,25,0,8,10
46,18,11,0,9,10
46,19,89,0,1,15
46,20,73,0,2,15
46,21,84,0,3,15
46,22,34,0,4,15
46,23,57,0,5,15
46,24,49,0,6,15
46,25,51,0,7,15
46,26,18,0,8,15
46,27,0,0,9,15
46,28,100,5,1,10
46,29,78,5,2,10
46,30,86,5,3,10
46,31,88,5,4,10
46,32,78,5,5,10
46,33,84,5,6,10
46,34,71,5,7,10
46,35,63,5,8,10
46,36,64,5,9,10
46,37,150,5,1,15
46,38,115,5,2,15
46,39,102,5,3,15
46,40,98,5,4,15
46,41,88,5,5,15
46,42,84,5,6,15
46,43,74,5,7,15
46,44,70,5,8,15
46,45,72,5,9,15
46,46,150,10,1,15
46,47,150,10,2,15
46,48,139,10,3,15
46,49,132,10,4,15
46,50,138,10,5,15
46,51,141,10,6,15
46,52,124,10,7,15
46,53,117,10,8,15
46,54,100,10,9,15
47,1,50,0,1,5
47,2,50,0,2,5
47,3,50,0,3,5
47,4,50,0,4,5
47,5,28,0,5,5
47,6,0,0,6,5
47,7,0,0,7,5
47,8,0,0,8,5
47,9,0,0,9,5
47,10,100,0,1,10
47,11,100,0,2,10
47,12,100,0,3,10
47,13,100,0,4,10
47,14,55,0,5,10
47,15,0,0,6,10
47,16,0,0,7,10
47,17,0,0,8,10
47,18,0,0,9,10
47,19,150,0,1,15
47,20,150,0,2,15
47,21,150,0,3,15
47,22,150,0,4,15
47,23,0,0,5,15
47,24,73,0,6,15
47,25,0,0,7,15
47,26,0,0,8,15
47,27,0,0,9,15
47,28,100,5,1,10
47,29,100,5,2,10
47,30,100,5,3,10
47,31,100,5,4,10
47,32,62,5,5,10
47,33,50,5,6,10
47,34,50,5,7,10
47,35,50,5,8,10
47,36,50,5,9,10
47,37,150,5,1,15
47,38,150,5,2,15
47,39,150,5,3,15
47,40,150,5,4,15
47,41,91,5,5,15
47,42,50,5,6,15
47,43,50,5,7,15
47,44,50,5,8,15
47,45,50,5,9,15
47,46,150,10,1,15
47,47,150,10,2,15
47,48,150,10,3,15
47,49,149,10,4,15
47,50,116,10,5,15
47,51,100,10,6,15
47,52,107,10,7,15
47,53,100,10,8,15
47,54,100,10,9,15
48,1,32,0,1,5
48,2,41,0,2,5
48,3,36,0,3,5
48,4,16,0,4,5
48,5,19,0,5,5
48,6,25,0,6,5
48,7,14,0,7,5
48,8,15,0,8,5
48,9,15,0,9,5
48,10,100,0,1,10
48,11,100,0,2,10
48,12,65,0,3,10
48,13,45,0,4,10
48,14,39,0,5,10
48,15,34,0,6,10
48,16,28,0,7,10
48,17,35,0,8,10
48,18,31,0,9,10
48,19,150,0,1,15
48,20,72,0,2,15
48,21,150,0,3,15
48,22,71,0,4,15
48,23,63,0,5,15
48,24,71,0,6,15
48,25,44,0,7,15
48,26,74,0,8,15
48,27,43,0,9,15
48,28,100,5,1,10
48,29,100,5,2,10
48,30,100,5,3,10
48,31,74,5,4,10
48,32,68,5,5,10
48,33,79,5,6,10
48,34,76,5,7,10
48,35,75,5,8,10
48,36,58,5,9,10
48,37,150,5,1,15
48,38,100,5,2,15
48,39,106,5,3,15
48,40,132,5,4,15
48,41,96,5,5,15
48,42,89,5,6,15
48,43,95,5,7,15
48,44,85,5,8,15
48,45,93,5,9,15
48,46,150,10,1,15
48,47,150,10,2,15
48,48,133,10,3,15
48,49,134,10,4,15
48,50,123,10,5,15
48,51,118,10,6,15
48,52,111,10,7,15
48,53,112,10,8,15
48,54,120,10,9,15
49,1,23,0,1,5
49,2,21,0,2,5
49,3,27,0,3,5
49,4,25,0,4,5
49,5,17,0,5,5
49,6,50,0,6,5
49,7,27,0,7,5
49,8,25,0,8,5
49,9,42,0,9,5
49,10,44,0,1,10
49,11,32,0,2,10
49,12,50,0,3,10
49,13,95,0,4,10
49,14,7,0,5,10
49,15,31,0,6,10
49,16,0,0,7,10
49,17,57,0,8,10
49,18,99,0,9,10
49,19,0,0,1,15
49,20,146,0,2,15
49,21,72,0,3,15
49,22,7,0,4,15
49,23,54,0,5,15
49,24,87,0,6,15
49,25,77,0,7,15
49,26,93,0,8,15
49,27,133,0,9,15
49,28,55,5,1,10
49,29,83,5,2,10
49,30,100,5,3,10
49,31,78,5,4,10
49,32,75,5,5,10
49,33,100,5,6,10
49,34,99,5,7,10
49,35,82,5,8,10
49,36,72,5,9,10
49,37,148,5,1,15
49,38,126,5,2,15
49,39,84,5,3,15
49,40,60,5,4,15
49,41,93,5,5,15
49,42,107,5,6,15
49,43,115,5,7,15
49,44,95,5,8,15
49,45,145,5,9,15
49,46,123,10,1,15
49,47,126,10,2,15
49,48,134,10,3,15
49,49,149,10,4,15
49,50,139,10,5,15
49,51,139,10,6,15
49,52,125,10,7,15
49,53,150,10,8,15
49,54,119,10,9,15
50,1,13,0,1,5
50,2,6,0,2,5
50,3,4,0,3,5
50,4,24,0,4,5
50,5,50,0,5,5
50,6,38,0,6,5
50,7,0,0,7,5
50,8,2,0,8,5
50,9,3,0,9,5
50,10,52,0,1,10
50,11,50,0,2,10
50,12,12,0,3,10
50,13,8,0,4,10
50,14,59,0,5,10
50,15,7,0,6,10
50,16,5,0,7,10
50,17,12,0,8,10
50,18,11,0,9,10
50,19,45,0,1,15
50,20,31,0,2,15
50,21,12,0,3,15
50,22,31,0,4,15
50,23,29,0,5,15
50,24,9,0,6,15
50,25,10,0,7,15
50,26,17,0,8,15
50,27,6,0,9,15
50,28,91,5,1,10
50,29,98,5,2,10
50,30,65,5,3,10
50,31,62,5,4,10
50,32,60,5,5,10
50,33,83,5,6,10
50,34,85,5,7,10
50,35,62,5,8,10
50,36,77,5,9,10
50,37,135,5,1,15
50,38,147,5,2,15
50,39,83,5,3,15
50,40,50,5,4,15
50,41,90,5,5,15
50,42,66,5,6,15
50,43,64,5,7,15
50,44,62,5,8,15
50,45,50,5,9,15
50,46,145,10,1,15
50,47,124,10,2,15
50,48,150,10,3,15
50,49,138,10,4,15
50,50,110,10,5,15
50,51,117,10,6,15
50,52,135,10,7,15
50,53,112,10,8,15
50,54,116,10,9,15
51,1,0,0,1,5
51,2,0,0,2,5
51,3,0,0,3,5
51,4,0,0,4,5
51,5,0,0,5,5
51,6,0,0,6,5
51,7,0,0,7,5
51,8,0,0,8,5
51,9,0,0,9,5
51,10,0,0,1,10
51,11,0,0,2,10
51,12,0,0,3,10
51,13,0,0,4,10
51,14,0,0,5,10
51,15,0,0,6,10
51,16,0,0,7,10
51,17,0,0,8,10
51,18,0,0,9,10
51,19,0,0,1,15
51,20,0,0,2,15
51,21,0,0,3,15
51,22,0,0,4,15
51,23,0,0,5,15
51,24,0,0,6,15
51,25,0,0,7,15
51,26,0,0,8,15
51,27,0,0,9,15
51,28,50,5,1,10
51,29,94,5,2,10
51,30,66,5,3,10
51,31,62,5,4,10
51,32,60,5,5,10
51,33,50,5,6,10
51,34,57,5,7,10
51,35,56,5,8,10
51,36,67,5,9,10
51,37,145,5,1,15
51,38,99,5,2,15
51,39,115,5,3,15
51,40,74,5,4,15
51,41,110,5,5,15
51,42,66,5,6,15
51,43,50,5,7,15
51,44,87,5,8,15
51,45,83,5,9,15
51,46,140,10,1,15
51,47,124,10,2,15
51,48,133,10,3,15
51,49,143,10,4,15
51,50,100,10,5,15
51,51,108,10,6,15
51,52,121,10,7,15
51,53,118,10,8,15
51,54,116,10,9,15
52,1,45,0,1,5
52,2,25,0,2,5
52,3,15,0,3,5
52,4,24,0,4,5
52,5,25,0,5,5
52,6,33,0,6,5
52,7,14,0,7,5
52,8,0,0,8,5
52,9,0,0,9,5
52,10,51,0,1,10
52,11,50,0,2,10
52,12,42,0,3,10
52,13,49,0,4,10
52,14,38,0,5,10
52,15,16,0,6,10
52,16,0,0,7,10
52,17,49,0,8,10
52,18,0,0,9,10
52,19,150,0,1,15
52,20,110,0,2,15
52,21,38,0,3,15
52,22,25,0,4,15
52,23,90,0,5,15
52,24,48,0,6,15
52,25,19,0,7,15
52,26,19,0,8,15
52,27,0,0,9,15
52,28,91,5,1,10
52,29,100,5,2,10
52,30,66,5,3,10
52,31,75,5,4,10
52,32,50,5,5,10
52,33,50,5,6,10
52,34,67,5,7,10
52,35,50,5,8,10
52,36,50,5,9,10
52,37,128,5,1,15
52,38,137,5,2,15
52,39,115,5,3,15
52,40,100,5,4,15
52,41,90,5,5,15
52,42,101,5,6,15
52,43,85,5,7,15
52,44,50,5,8,15
52,45,50,5,9,15
52,46,117,10,1,15
52,47,150,10,2,15
52,48,100,10,3,15
52,49,116,10,4,15
52,50,120,10,5,15
52,51,100,10,6,15
52,52,100,10,7,15
52,53,100,10,8,15
52,54,100,10,9,15
53,1,50,0,1,5
53,2,50,0,2,5
53,3,16,0,3,5
53,4,12,0,4,5
53,5,0,0,5,5
53,6,0,0,6,5
53,7,21,0,7,5
53,8,0,0,8,5
53,9,0,0,9,5
53,10,100,0,1,10
53,11,49,0,2,10
53,12,32,0,3,10
53,13,50,0,4,10
53,14,0,0,5,10
53,15,0,0,6,10
53,16,0,0,7,10
53,17,0,0,8,10
53,18,0,0,9,10
53,19,72,0,1,15
53,20,0,0,2,15
53,21,47,0,3,15
53,22,0,0,4,15
53,23,0,0,5,15
53,24,0,0,6,15
53,25,0,0,7,15
53,26,0,0,8,15
53,27,0,0,9,15
53,28,100,5,1,10
53,29,100,5,2,10
53,30,100,5,3,10
53,31,87,5,4,10
53,32,79,5,5,10
53,33,96,5,6,10
53,34,73,5,7,10
53,35,65,5,8,10
53,36,50,5,9,10
53,37,111,5,1,15
53,38,130,5,2,15
53,39,114,5,3,15
53,40,150,5,4,15
53,41,101,5,5,15
53,42,99,5,6,15
53,43,102,5,7,15
53,44,113,5,8,15
53,45,50,5,9,15
53,46,150,10,1,15
53,47,150,10,2,15
53,48,150,10,3,15
53,49,150,10,4,15
53,50,135,10,5,15
53,51,138,10,6,15
53,52,150,10,7,15
53,53,150,10,8,15
53,54,100,10,9,15
54,1,0,0,1,5
54,2,0,0,2,5
54,3,0,0,3,5
54,4,0,0,4,5
54,5,0,0,5,5
54,6,0,0,6,5
54,7,0,0,7,5
54,8,0,0,8,5
54,9,0,0,9,5
54,10,0,0,1,10
54,11,0,0,2,10
54,12,0,0,3,10
54,13,0,0,4,10
54,14,0,0,5,10
54,15,0,0,6,10
54,16,0,0,7,10
54,17,0,0,8,10
54,18,0,0,9,10
54,19,10,0,1,15
54,20,0,0,2,15
54,21,0,0,3,15
54,22,0,0,4,15
54,23,0,0,5,15
54,24,0,0,6,15
54,25,0,0,7,15
54,26,0,0,8,15
54,27,0,0,9,15
54,28,100,5,1,10
54,29,100,5,2,10
54,30,82,5,3,10
54,31,75,5,4,10
54,32,70,5,5,10
54,33,67,5,6,10
54,34,64,5,7,10
54,35,62,5,8,10
54,36,61,5,9,10
54,37,150,5,1,15
54,38,150,5,2,15
54,39,117,5,3,15
54,40,98,5,4,15
54,41,108,5,5,15
54,42,82,5,6,15
54,43,79,5,7,15
54,44,74,5,8,15
54,45,72,5,9,15
54,46,150,10,1,15
54,47,150,10,2,15
54,48,133,10,3,15
54,49,124,10,4,15
54,50,100,10,5,15
54,51,116,10,6,15
54,52,114,10,7,15
54,53,112,10,8,15
54,54,111,10,9,15
55,1,48,0,1,5
55,2,48,0,2,5
55,3,47,0,3,5
55,4,45,0,4,5
55,5,47,0,5,5
55,6,48,0,6,5
55,7,39,0,7,5
55,8,48,0,8,5
55,9,50,0,9,5
55,10,91,0,1,10
55,11,91,0,2,10
55,12,90,0,3,10
55,13,91,0,4,10
55,14,93,0,5,10
55,15,92,0,6,10
55,16,96,0,7,10
55,17,91,0,8,10
55,18,97,0,9,10
55,19,141,0,1,15
55,20,150,0,2,15
55,21,138,0,3,15
55,22,131,0,4,15
55,23,140,0,5,15
55,24,0,0,6,15
55,25,140,0,7,15
55,26,140,0,8,15
55,27,137,0,9,15
55,28,97,5,1,10
55,29,93,5,2,10
55,30,98,5,3,10
55,31,92,5,4,10
55,32,99,5,5,10
55,33,100,5,6,10
55,34,94,5,7,10
55,35,93,5,8,10
55,36,97,5,9,10
55,37,144,5,1,15
55,38,141,5,2,15
55,39,140,5,3,15
55,40,150,5,4,15
55,41,143,5,5,15
55,42,150,5,6,15
55,43,140,5,7,15
55,44,142,5,8,15
55,45,146,5,9,15
55,46,149,10,1,15
55,47,145,10,2,15
55,48,144,10,3,15
55,49,144,10,4,15
55,50,142,10,5,15
55,51,144,10,6,15
55,52,143,10,7,15
55,53,146,10,8,15
55,54,146,10,9,15
56,1,50,0,1,5
56,2,38,0,2,5
56,3,33,0,3,5
56,4,25,0,4,5
56,5,35,0,5,5
56,6,0,0,6,5
56,7,0,0,7,5
56,8,13,0,8,5
56,9,11,0,9,5
56,10,100,0,1,10
56,11,100,0,2,10
56,12,71,0,3,10
56,13,64,0,4,10
56,14,59,0,5,10
56,15,33,0,6,10
56,16,53,0,7,10
56,17,51,0,8,10
56,18,24,0,9,10
56,19,150,0,1,15
56,20,150,0,2,15
56,21,150,0,3,15
56,22,110,0,4,15
56,23,88,0,5,15
56,24,100,0,6,15
56,25,63,0,7,15
56,26,64,0,8,15
56,27,49,0,9,15
56,28,100,5,1,10
56,29,100,5,2,10
56,30,83,5,3,10
56,31,77,5,4,10
56,32,79,5,5,10
56,33,75,5,6,10
56,34,77,5,7,10
56,35,68,5,8,10
56,36,72,5,9,10
56,37,150,5,1,15
56,38,150,5,2,15
56,39,150,5,3,15
56,40,116,5,4,15
56,41,109,5,5,15
56,42,99,5,6,15
56,43,93,5,7,15
56,44,85,5,8,15
56,45,97,5,9,15
56,46,150,10,1,15
56,47,150,10,2,15
56,48,150,10,3,15
56,49,131,10,4,15
56,50,150,10,5,15
56,51,125,10,6,15
56,52,130,10,7,15
56,53,120,10,8,15
56,54,118,10,9,15
57,1,50,0,1,5
57,2,50,0,2,5
57,3,50,0,3,5
57,4,50,0,4,5
57,5,0,0,5,5
57,6,0,0,6,5
57,7,0,0,7,5
57,8,0,0,8,5
57,9,0,0,9,5
57,10,100,0,1,10
57,11,100,0,2,10
57,12,100,0,3,10
57,13,100,0,4,10
57,14,0,0,5,10
57,15,0,0,6,10
57,16,0,0,7,10
57,17,0,0,8,10
57,18,0,0,9,10
57,19,150,0,1,15
57,20,150,0,2,15
57,21,150,0,3,15
57,22,150,0,4,15
57,23,0,0,5,15
57,24,0,0,6,15
57,25,0,0,7,15
57,26,0,0,8,15
57,27,0,0,9,15
57,28,50,5,1,10
57,29,100,5,2,10
57,30,100,5,3,10
57,31,100,5,4,10
57,32,50,5,5,10
57,33,50,5,6,10
57,34,50,5,7,10
57,35,50,5,8,10
57,36,50,5,9,10
57,37,150,5,1,15
57,38,150,5,2,15
57,39,150,5,3,15
57,40,50,5,4,15
57,41,50,5,5,15
57,42,50,5,6,15
57,43,50,5,7,15
57,44,50,5,8,15
57,45,50,5,9,15
57,46,150,10,1,15
57,47,150,10,2,15
57,48,150,10,3,15
57,49,100,10,4,15
57,50,100,10,5,15
57,51,100,10,6,15
57,52,100,10,7,15
57,53,100,10,8,15
57,54,100,10,9,15
58,1,50,0,1,5
58,2,50,0,2,5
58,3,50,0,3,5
58,4,50,0,4,5
58,5,50,0,5,5
58,6,16,0,6,5
58,7,21,0,7,5
58,8,12,0,8,5
58,9,16,0,9,5
58,10,100,0,1,10
58,11,50,0,2,10
58,12,66,0,3,10
58,13,50,0,4,10
58,14,39,0,5,10
58,15,32,0,6,10
58,16,28,0,7,10
58,17,37,0,8,10
58,18,44,0,9,10
58,19,150,0,1,15
58,20,72,0,2,15
58,21,74,0,3,15
58,22,72,0,4,15
58,23,60,0,5,15
58,24,49,0,6,15
58,25,40,0,7,15
58,26,49,0,8,15
58,27,49,0,9,15
58,28,50,5,1,10
58,29,100,5,2,10
58,30,100,5,3,10
58,31,100,5,4,10
58,32,100,5,5,10
58,33,75,5,6,10
58,34,50,5,7,10
58,35,50,5,8,10
58,36,50,5,9,10
58,37,150,5,1,15
58,38,150,5,2,15
58,39,150,5,3,15
58,40,125,5,4,15
58,41,50,5,5,15
58,42,84,5,6,15
58,43,50,5,7,15
58,44,50,5,8,15
58,45,50,5,9,15
58,46,150,10,1,15
58,47,100,10,2,15
58,48,150,10,3,15
58,49,120,10,4,15
58,50,100,10,5,15
58,51,100,10,6,15
58,52,100,10,7,15
58,53,100,10,8,15
58,54,100,10,9,15
59,1,26,0,1,5
59,2,27,0,2,5
59,3,21,0,3,5
59,4,17,0,4,5
59,5,10,0,5,5
59,6,25,0,6,5
59,7,38,0,7,5
59,8,31,0,8,5
59,9,22,0,9,5
59,10,53,0,1,10
59,11,25,0,2,10
59,12,30,0,3,10
59,13,63,0,4,10
59,14,60,0,5,10
59,15,67,0,6,10
59,16,77,0,7,10
59,17,83,0,8,10
59,18,90,0,9,10
59,19,79,0,1,15
59,20,37,0,2,15
59,21,65,0,3,15
59,22,89,0,4,15
59,23,98,0,5,15
59,24,25,0,6,15
59,25,114,0,7,15
59,26,60,0,8,15
59,27,33,0,9,15
59,28,77,5,1,10
59,29,57,5,2,10
59,30,80,5,3,10
59,31,80,5,4,10
59,32,83,5,5,10
59,33,85,5,6,10
59,34,88,5,7,10
59,35,63,5,8,10
59,36,67,5,9,10
59,37,103,5,1,15
59,38,68,5,2,15
59,39,109,5,3,15
59,40,80,5,4,15
59,41,115,5,5,15
59,42,120,5,6,15
59,43,92,5,7,15
59,44,105,5,8,15
59,45,102,5,9,15
59,46,128,10,1,15
59,47,120,10,2,15
59,48,114,10,3,15
59,49,130,10,4,15
59,50,110,10,5,15
59,51,126,10,6,15
59,52,125,10,7,15
59,53,121,10,8,15
59,54,145,10,9,15
60,1,50,0,1,5
60,2,50,0,2,5
60,3,50,0,3,5
60,4,50,0,4,5
60,5,17,0,5,5
60,6,10,0,6,5
60,7,0,0,7,5
60,8,6,0,8,5
60,9,0,0,9,5
60,10,100,0,1,10
60,11,100,0,2,10
60,12,100,0,3,10
60,13,100,0,4,10
60,14,10,0,5,10
60,15,49,0,6,10
60,16,0,0,7,10
60,17,0,0,8,10
60,18,0,0,9,10
60,19,150,0,1,15
60,20,150,0,2,15
60,21,150,0,3,15
60,22,150,0,4,15
60,23,30,0,5,15
60,24,4,0,6,15
60,25,10,0,7,15
60,26,13,0,8,15
60,27,0,0,9,15
60,28,100,5,1,10
60,29,100,5,2,10
60,30,100,5,3,10
60,31,100,5,4,10
60,32,100,5,5,10
60,33,62,5,6,10
60,34,75,5,7,10
60,35,54,5,8,10
60,36,59,5,9,10
60,37,150,5,1,15
60,38,150,5,2,15
60,39,150,5,3,15
60,40,150,5,4,15
60,41,150,5,5,15
60,42,64,5,6,15
60,43,59,5,7,15
60,44,50,5,8,15
60,45,50,5,9,15
60,46,150,10,1,15
60,47,150,10,2,15
60,48,150,10,3,15
60,49,100,10,4,15
60,50,111,10,5,15
60,51,100,10,6,15
60,52,100,10,7,15
60,53,118,10,8,15
60,54,104,10,9,15
61,1,50,0,1,5
61,2,23,0,2,5
61,3,0,0,3,5
61,4,11,0,4,5
61,5,0,0,5,5
61,6,0,0,6,5
61,7,0,0,7,5
61,8,0,0,8,5
61,9,0,0,9,5
61,10,100,0,1,10
61,11,47,0,2,10
61,12,0,0,3,10
61,13,24,0,4,10
61,14,19,0,5,10
61,15,49,0,6,10
61,16,0,0,7,10
61,17,36,0,8,10
61,18,0,0,9,10
61,19,150,0,1,15
61,20,72,0,2,15
61,21,0,0,3,15
61,22,73,0,4,15
61,23,57,0,5,15
61,24,0,0,6,15
61,25,0,0,7,15
61,26,0,0,8,15
61,27,0,0,9,15
61,28,100,5,1,10
61,29,100,5,2,10
61,30,71,5,3,10
61,31,74,5,4,10
61,32,59,5,5,10
61,33,67,5,6,10
61,34,71,5,7,10
61,35,56,5,8,10
61,36,60,5,9,10
61,37,141,5,1,15
61,38,150,5,2,15
61,39,116,5,3,15
61,40,74,5,4,15
61,41,90,5,5,15
61,42,65,5,6,15
61,43,92,5,7,15
61,44,74,5,8,15
61,45,100,5,9,15
61,46,150,10,1,15
61,47,150,10,2,15
61,48,136,10,3,15
61,49,123,10,4,15
61,50,150,10,5,15
61,51,133,10,6,15
61,52,122,10,7,15
61,53,125,10,8,15
61,54,100,10,9,15
62,1,20,0,1,5
62,2,5,0,2,5
62,3,15,0,3,5
62,4,10,0,4,5
62,5,5,0,5,5
62,6,0,0,6,5
62,7,0,0,7,5
62,8,0,0,8,5
62,9,0,0,9,5
62,10,40,0,1,10
62,11,10,0,2,10
62,12,30,0,3,10
62,13,10,0,4,10
62,14,20,0,5,10
62,15,10,0,6,10
62,16,10,0,7,10
62,17,10,0,8,10
62,18,0,0,9,10
62,19,15,0,1,15
62,20,45,0,2,15
62,21,15,0,3,15
62,22,15,0,4,15
62,23,15,0,5,15
62,24,15,0,6,15
62,25,0,0,7,15
62,26,15,0,8,15
62,27,15,0,9,15
62,28,75,5,1,10
62,29,55,5,2,10
62,30,55,5,3,10
62,31,50,5,4,10
62,32,55,5,5,10
62,33,65,5,6,10
62,34,60,5,7,10
62,35,55,5,8,10
62,36,55,5,9,10
62,37,100,5,1,15
62,38,90,5,2,15
62,39,80,5,3,15
62,40,100,5,4,15
62,41,70,5,5,15
62,42,70,5,6,15
62,43,70,5,7,15
62,44,50,5,8,15
62,45,60,5,9,15
62,46,105,10,1,15
62,47,125,10,2,15
62,48,120,10,3,15
62,49,105,10,4,15
62,50,105,10,5,15
62,51,110,10,6,15
62,52,115,10,7,15
62,53,105,10,8,15
62,54,105,10,9,15
63,1,50,0,1,5
63,2,27,0,2,5
63,3,32,0,3,5
63,4,10,0,4,5
63,5,0,0,5,5
63,6,0,0,6,5
63,7,0,0,7,5
63,8,0,0,8,5
63,9,0,0,9,5
63,10,100,0,1,10
63,11,50,0,2,10
63,12,47,0,3,10
63,13,22,0,4,10
63,14,100,0,5,10
63,15,25,0,6,10
63,16,13,0,7,10
63,17,12,0,8,10
63,18,0,0,9,10
63,19,150,0,1,15
63,20,75,0,2,15
63,21,49,0,3,15
63,22,35,0,4,15
63,23,28,0,5,15
63,24,48,0,6,15
63,25,42,0,7,15
63,26,0,0,8,15
63,27,0,0,9,15
63,28,100,5,1,10
63,29,100,5,2,10
63,30,83,5,3,10
63,31,100,5,4,10
63,32,72,5,5,10
63,33,96,5,6,10
63,34,50,5,7,10
63,35,50,5,8,10
63,36,50,5,9,10
63,37,100,5,1,15
63,38,150,5,2,15
63,39,150,5,3,15
63,40,99,5,4,15
63,41,98,5,5,15
63,42,100,5,6,15
63,43,78,5,7,15
63,44,50,5,8,15
63,45,50,5,9,15
63,46,150,10,1,15
63,47,150,10,2,15
63,48,150,10,3,15
63,49,150,10,4,15
63,50,100,10,5,15
63,51,150,10,6,15
63,52,100,10,7,15
63,53,100,10,8,15
63,54,100,10,9,15
64,1,50,0,1,5
64,2,50,0,2,5
64,3,32,0,3,5
64,4,50,0,4,5
64,5,36,0,5,5
64,6,25,0,6,5
64,7,29,0,7,5
64,8,25,0,8,5
64,9,19,0,9,5
64,10,70,0,1,10
64,11,49,0,2,10
64,12,65,0,3,10
64,13,24,0,4,10
64,14,39,0,5,10
64,15,26,0,6,10
64,16,24,0,7,10
64,17,13,0,8,10
64,18,11,0,9,10
64,19,150,0,1,15
64,20,66,0,2,15
64,21,89,0,3,15
64,22,34,0,4,15
64,23,28,0,5,15
64,24,24,0,6,15
64,25,18,0,7,15
64,26,45,0,8,15
64,27,16,0,9,15
64,28,100,5,1,10
64,29,100,5,2,10
64,30,100,5,3,10
64,31,100,5,4,10
64,32,100,5,5,10
64,33,64,5,6,10
64,34,61,5,7,10
64,35,60,5,8,10
64,36,59,5,9,10
64,37,150,5,1,15
64,38,150,5,2,15
64,39,101,5,3,15
64,40,99,5,4,15
64,41,70,5,5,15
64,42,81,5,6,15
64,43,78,5,7,15
64,44,75,5,8,15
64,45,60,5,9,15
64,46,150,10,1,15
64,47,125,10,2,15
64,48,132,10,3,15
64,49,133,10,4,15
64,50,100,10,5,15
64,51,150,10,6,15
64,52,114,10,7,15
64,53,100,10,8,15
64,54,100,10,9,15
65,1,50,0,1,5
65,2,34,0,2,5
65,3,0,0,3,5
65,4,25,0,4,5
65,5,0,0,5,5
65,6,24,0,6,5
65,7,23,0,7,5
65,8,5,0,8,5
65,9,0,0,9,5
65,10,87,0,1,10
65,11,69,0,2,10
65,12,63,0,3,10
65,13,36,0,4,10
65,14,27,0,5,10
65,15,31,0,6,10
65,16,51,0,7,10
65,17,22,0,8,10
65,18,55,0,9,10
65,19,82,0,1,15
65,20,131,0,2,15
65,21,125,0,3,15
65,22,95,0,4,15
65,23,48,0,5,15
65,24,66,0,6,15
65,25,55,0,7,15
65,26,17,0,8,15
65,27,66,0,9,15
65,28,94,5,1,10
65,29,89,5,2,10
65,30,87,5,3,10
65,31,77,5,4,10
65,32,96,5,5,10
65,33,100,5,6,10
65,34,85,5,7,10
65,35,83,5,8,10
65,36,81,5,9,10
65,37,150,5,1,15
65,38,150,5,2,15
65,39,119,5,3,15
65,40,112,5,4,15
65,41,85,5,5,15
65,42,124,5,6,15
65,43,74,5,7,15
65,44,85,5,8,15
65,45,83,5,9,15
65,46,146,10,1,15
65,47,150,10,2,15
65,48,150,10,3,15
65,49,138,10,4,15
65,50,150,10,5,15
65,51,131,10,6,15
65,52,145,10,7,15
65,53,140,10,8,15
65,54,133,10,9,15
66,1,50,0,1,5
66,2,50,0,2,5
66,3,32,0,3,5
66,4,24,0,4,5
66,5,19,0,5,5
66,6,16,0,6,5
66,7,18,0,7,5
66,8,12,0,8,5
66,9,14,0,9,5
66,10,100,0,1,10
66,11,100,0,2,10
66,12,66,0,3,10
66,13,63,0,4,10
66,14,38,0,5,10
66,15,48,0,6,10
66,16,28,0,7,10
66,17,24,0,8,10
66,18,21,0,9,10
66,19,150,0,1,15
66,20,125,0,2,15
66,21,122,0,3,15
66,22,72,0,4,15
66,23,65,0,5,15
66,24,48,0,6,15
66,25,39,0,7,15
66,26,46,0,8,15
66,27,33,0,9,15
66,28,100,5,1,10
66,29,100,5,2,10
66,30,86,5,3,10
66,31,75,5,4,10
66,32,80,5,5,10
66,33,75,5,6,10
66,34,71,5,7,10
66,35,65,5,8,10
66,36,50,5,9,10
66,37,150,5,1,15
66,38,150,5,2,15
66,39,115,5,3,15
66,40,99,5,4,15
66,41,101,5,5,15
66,42,100,5,6,15
66,43,50,5,7,15
66,44,74,5,8,15
66,45,83,5,9,15
66,46,150,10,1,15
66,47,131,10,2,15
66,48,150,10,3,15
66,49,137,10,4,15
66,50,129,10,5,15
66,51,125,10,6,15
66,52,124,10,7,15
66,53,116,10,8,15
66,54,114,10,9,15
67,1,27,0,1,5
67,2,11,0,2,5
67,3,9,0,3,5
67,4,7,0,4,5
67,5,4,0,5,5
67,6,4,0,6,5
67,7,4,0,7,5
67,8,4,0,8,5
67,9,3,0,9,5
67,10,100,0,1,10
67,11,33,0,2,10
67,12,15,0,3,10
67,13,16,0,4,10
67,14,11,0,5,10
67,15,9,0,6,10
67,16,9,0,7,10
67,17,8,0,8,10
67,18,6,0,9,10
67,19,150,0,1,15
67,20,37,0,2,15
67,21,28,0,3,15
67,22,17,0,4,15
67,23,16,0,5,15
67,24,8,0,6,15
67,25,14,0,7,15
67,26,10,0,8,15
67,27,7,0,9,15
67,28,98,5,1,10
67,29,89,5,2,10
67,30,88,5,3,10
67,31,74,5,4,10
67,32,72,5,5,10
67,33,73,5,6,10
67,34,78,5,7,10
67,35,75,5,8,10
67,36,50,5,9,10
67,37,150,5,1,15
67,38,134,5,2,15
67,39,122,5,3,15
67,40,142,5,4,15
67,41,103,5,5,15
67,42,86,5,6,15
67,43,85,5,7,15
67,44,74,5,8,15
67,45,50,5,9,15
67,46,150,10,1,15
67,47,150,10,2,15
67,48,100,10,3,15
67,49,133,10,4,15
67,50,140,10,5,15
67,51,132,10,6,15
67,52,100,10,7,15
67,53,130,10,8,15
67,54,118,10,9,15
68,1,50,0,1,5
68,2,40,0,2,5
68,3,17,0,3,5
68,4,25,0,4,5
68,5,20,0,5,5
68,6,24,0,6,5
68,7,0,0,7,5
68,8,18,0,8,5
68,9,22,0,9,5
68,10,100,0,1,10
68,11,69,0,2,10
68,12,24,0,3,10
68,13,24,0,4,10
68,14,20,0,5,10
68,15,16,0,6,10
68,16,21,0,7,10
68,17,25,0,8,10
68,18,21,0,9,10
68,19,150,0,1,15
68,20,72,0,2,15
68,21,69,0,3,15
68,22,37,0,4,15
68,23,30,0,5,15
68,24,23,0,6,15
68,25,24,0,7,15
68,26,0,0,8,15
68,27,0,0,9,15
68,28,100,5,1,10
68,29,81,5,2,10
68,30,77,5,3,10
68,31,75,5,4,10
68,32,59,5,5,10
68,33,58,5,6,10
68,34,64,5,7,10
68,35,50,5,8,10
68,36,66,5,9,10
68,37,150,5,1,15
68,38,114,5,2,15
68,39,122,5,3,15
68,40,98,5,4,15
68,41,90,5,5,15
68,42,67,5,6,15
68,43,69,5,7,15
68,44,50,5,8,15
68,45,50,5,9,15
68,46,150,10,1,15
68,47,150,10,2,15
68,48,133,10,3,15
68,49,125,10,4,15
68,50,100,10,5,15
68,51,117,10,6,15
68,52,117,10,7,15
68,53,125,10,8,15
68,54,111,10,9,15
69,1,50,0,1,5
69,2,50,0,2,5
69,3,50,0,3,5
69,4,37,0,4,5
69,5,31,0,5,5
69,6,23,0,6,5
69,7,21,0,7,5
69,8,18,0,8,5
69,9,16,0,9,5
69,10,100,0,1,10
69,11,100,0,2,10
69,12,100,0,3,10
69,13,76,0,4,10
69,14,59,0,5,10
69,15,48,0,6,10
69,16,42,0,7,10
69,17,36,0,8,10
69,18,32,0,9,10
69,19,150,0,1,15
69,20,150,0,2,15
69,21,150,0,3,15
69,22,112,0,4,15
69,23,89,0,5,15
69,24,73,0,6,15
69,25,63,0,7,15
69,26,55,0,8,15
69,27,49,0,9,15
69,28,100,5,1,10
69,29,100,5,2,10
69,30,100,5,3,10
69,31,87,5,4,10
69,32,79,5,5,10
69,33,74,5,6,10
69,34,71,5,7,10
69,35,68,5,8,10
69,36,66,5,9,10
69,37,150,5,1,15
69,38,150,5,2,15
69,39,150,5,3,15
69,40,126,5,4,15
69,41,108,5,5,15
69,42,100,5,6,15
69,43,79,5,7,15
69,44,87,5,8,15
69,45,82,5,9,15
69,46,150,10,1,15
69,47,150,10,2,15
69,48,150,10,3,15
69,49,137,10,4,15
69,50,150,10,5,15
69,51,150,10,6,15
69,52,150,10,7,15
69,53,131,10,8,15
69,54,116,10,9,15
70,1,14,0,1,5
70,2,11,0,2,5
70,3,11,0,3,5
70,4,11,0,4,5
70,5,20,0,5,5
70,6,13,0,6,5
70,7,0,0,7,5
70,8,0,0,8,5
70,9,4,0,9,5
70,10,29,0,1,10
70,11,10,0,2,10
70,12,10,0,3,10
70,13,14,0,4,10
70,14,9,0,5,10
70,15,10,0,6,10
70,16,0,0,7,10
70,17,0,0,8,10
70,18,10,0,9,10
70,19,30,0,1,15
70,20,32,0,2,15
70,21,7,0,3,15
70,22,21,0,4,15
70,23,10,0,5,15
70,24,10,0,6,15
70,25,0,0,7,15
70,26,10,0,8,15
70,27,0,0,9,15
70,28,94,5,1,10
70,29,79,5,2,10
70,30,92,5,3,10
70,31,82,5,4,10
70,32,71,5,5,10
70,33,71,5,6,10
70,34,71,5,7,10
70,35,68,5,8,10
70,36,69,5,9,10
70,37,105,5,1,15
70,38,99,5,2,15
70,39,101,5,3,15
70,40,80,5,4,15
70,41,91,5,5,15
70,42,101,5,6,15
70,43,80,5,7,15
70,44,80,5,8,15
70,45,83,5,9,15
70,46,150,10,1,15
70,47,150,10,2,15
70,48,150,10,3,15
70,49,137,10,4,15
70,50,128,10,5,15
70,51,144,10,6,15
70,52,128,10,7,15
70,53,130,10,8,15
70,54,130,10,9,15
71,1,45,0,1,5
71,2,50,0,2,5
71,3,31,0,3,5
71,4,11,0,4,5
71,5,5,0,5,5
71,6,8,0,6,5
71,7,0,0,7,5
71,8,6,0,8,5
71,9,5,0,9,5
71,10,100,0,1,10
71,11,100,0,2,10
71,12,32,0,3,10
71,13,25,0,4,10
71,14,19,0,5,10
71,15,0,0,6,10
71,16,13,0,7,10
71,17,0,0,8,10
71,18,11,0,9,10
71,19,134,0,1,15
71,20,74,0,2,15
71,21,48,0,3,15
71,22,36,0,4,15
71,23,28,0,5,15
71,24,23,0,6,15
71,25,0,0,7,15
71,26,1,0,8,15
71,27,0,0,9,15
71,28,96,5,1,10
71,29,82,5,2,10
71,30,66,5,3,10
71,31,54,5,4,10
71,32,59,5,5,10
71,33,50,5,6,10
71,34,64,5,7,10
71,35,50,5,8,10
71,36,50,5,9,10
71,37,150,5,1,15
71,38,115,5,2,15
71,39,82,5,3,15
71,40,100,5,4,15
71,41,109,5,5,15
71,42,84,5,6,15
71,43,77,5,7,15
71,44,50,5,8,15
71,45,72,5,9,15
71,46,150,10,1,15
71,47,150,10,2,15
71,48,134,10,3,15
71,49,150,10,4,15
71,50,120,10,5,15
71,51,116,10,6,15
71,52,100,10,7,15
71,53,100,10,8,15
71,54,100,10,9,15
72,1,50,0,1,5
72,2,50,0,2,5
72,3,50,0,3,5
72,4,26,0,4,5
72,5,39,0,5,5
72,6,18,0,6,5
72,7,27,0,7,5
72,8,15,0,8,5
72,9,20,0,9,5
72,10,100,0,1,10
72,11,100,0,2,10
72,12,86,0,3,10
72,13,43,0,4,10
72,14,39,0,5,10
72,15,32,0,6,10
72,16,52,0,7,10
72,17,38,0,8,10
72,18,43,0,9,10
72,19,150,0,1,15
72,20,132,0,2,15
72,21,78,0,3,15
72,22,111,0,4,15
72,23,64,0,5,15
72,24,57,0,6,15
72,25,65,0,7,15
72,26,46,0,8,15
72,27,40,0,9,15
72,28,97,5,1,10
72,29,100,5,2,10
72,30,100,5,3,10
72,31,100,5,4,10
72,32,100,5,5,10
72,33,79,5,6,10
72,34,88,5,7,10
72,35,82,5,8,10
72,36,86,5,9,10
72,37,150,5,1,15
72,38,150,5,2,15
72,39,124,5,3,15
72,40,133,5,4,15
72,41,129,5,5,15
72,42,130,5,6,15
72,43,110,5,7,15
72,44,108,5,8,15
72,45,120,5,9,15
72,46,150,10,1,15
72,47,138,10,2,15
72,48,145,10,3,15
72,49,141,10,4,15
72,50,150,10,5,15
72,51,137,10,6,15
72,52,150,10,7,15
72,53,138,10,8,15
72,54,141,10,9,15
73,1,0,0,1,5
73,2,0,0,2,5
73,3,0,0,3,5
73,4,0,0,4,5
73,5,0,0,5,5
73,6,0,0,6,5
73,7,0,0,7,5
73,8,0,0,8,5
73,9,0,0,9,5
73,10,0,0,1,10
73,11,0,0,2,10
73,12,0,0,3,10
73,13,0,0,4,10
73,14,0,0,5,10
73,15,0,0,6,10
73,16,0,0,7,10
73,17,0,0,8,10
73,18,0,0,9,10
73,19,0,0,1,15
73,20,0,0,2,15
73,21,0,0,3,15
73,22,0,0,4,15
73,23,0,0,5,15
73,24,0,0,6,15
73,25,0,0,7,15
73,26,0,0,8,15
73,27,0,0,9,15
73,28,100,5,1,10
73,29,75,5,2,10
73,30,57,5,3,10
73,31,56,5,4,10
73,32,82,5,5,10
73,33,63,5,6,10
73,34,50,5,7,10
73,35,50,5,8,10
73,36,50,5,9,10
73,37,150,5,1,15
73,38,125,5,2,15
73,39,65,5,3,15
73,40,74,5,4,15
73,41,70,5,5,15
73,42,83,5,6,15
73,43,50,5,7,15
73,44,50,5,8,15
73,45,50,5,9,15
73,46,150,10,1,15
73,47,125,10,2,15
73,48,133,10,3,15
73,49,112,10,4,15
73,50,132,10,5,15
73,51,113,10,6,15
73,52,107,10,7,15
73,53,125,10,8,15
73,54,100,10,9,15
74,1,50,0,1,5
74,2,50,0,2,5
74,3,32,0,3,5
74,4,24,0,4,5
74,5,0,0,5,5
74,6,9,0,6,5
74,7,0,0,7,5
74,8,12,0,8,5
74,9,11,0,9,5
74,10,100,0,1,10
74,11,100,0,2,10
74,12,50,0,3,10
74,13,49,0,4,10
74,14,0,0,5,10
74,15,32,0,6,10
74,16,28,0,7,10
74,17,25,0,8,10
74,18,22,0,9,10
74,19,51,0,1,15
74,20,150,0,2,15
74,21,51,0,3,15
74,22,50,0,4,15
74,23,60,0,5,15
74,24,49,0,6,15
74,25,42,0,7,15
74,26,36,0,8,15
74,27,33,0,9,15
74,28,100,5,1,10
74,29,100,5,2,10
74,30,83,5,3,10
74,31,75,5,4,10
74,32,70,5,5,10
74,33,67,5,6,10
74,34,72,5,7,10
74,35,63,5,8,10
74,36,72,5,9,10
74,37,150,5,1,15
74,38,150,5,2,15
74,39,116,5,3,15
74,40,100,5,4,15
74,41,90,5,5,15
74,42,102,5,6,15
74,43,78,5,7,15
74,44,75,5,8,15
74,45,72,5,9,15
74,46,150,10,1,15
74,47,150,10,2,15
74,48,150,10,3,15
74,49,150,10,4,15
74,50,131,10,5,15
74,51,126,10,6,15
74,52,150,10,7,15
74,53,112,10,8,15
74,54,111,10,9,15
75,1,50,0,1,5
75,2,50,0,2,5
75,3,50,0,3,5
75,4,0,0,4,5
75,5,0,0,5,5
75,6,0,0,6,5
75,7,0,0,7,5
75,8,0,0,8,5
75,9,0,0,9,5
75,10,100,0,1,10
75,11,100,0,2,10
75,12,100,0,3,10
75,13,32,0,4,10
75,14,0,0,5,10
75,15,0,0,6,10
75,16,0,0,7,10
75,17,0,0,8,10
75,18,0,0,9,10
75,19,150,0,1,15
75,20,150,0,2,15
75,21,69,0,3,15
75,22,71,0,4,15
75,23,75,0,5,15
75,24,54,0,6,15
75,25,60,0,7,15
75,26,0,0,8,15
75,27,0,0,9,15
75,28,100,5,1,10
75,29,100,5,2,10
75,30,80,5,3,10
75,31,50,5,4,10
75,32,100,5,5,10
75,33,86,5,6,10
75,34,71,5,7,10
75,35,50,5,8,10
75,36,50,5,9,10
75,37,150,5,1,15
75,38,102,5,2,15
75,39,103,5,3,15
75,40,95,5,4,15
75,41,110,5,5,15
75,42,150,5,6,15
75,43,93,5,7,15
75,44,50,5,8,15
75,45,50,5,9,15
75,46,150,10,1,15
75,47,150,10,2,15
75,48,135,10,3,15
75,49,150,10,4,15
75,50,150,10,5,15
75,51,150,10,6,15
75,52,100,10,7,15
75,53,100,10,8,15
75,54,100,10,9,15
76,1,50,0,1,5
76,2,28,0,2,5
76,3,24,0,3,5
76,4,12,0,4,5
76,5,19,0,5,5
76,6,8,0,6,5
76,7,7,0,7,5
76,8,10,0,8,5
76,9,0,0,9,5
76,10,100,0,1,10
76,11,58,0,2,10
76,12,51,0,3,10
76,13,36,0,4,10
76,14,39,0,5,10
76,15,32,0,6,10
76,16,27,0,7,10
76,17,17,0,8,10
76,18,26,0,9,10
76,19,150,0,1,15
76,20,107,0,2,15
76,21,76,0,3,15
76,22,57,0,4,15
76,23,75,0,5,15
76,24,28,0,6,15
76,25,42,0,7,15
76,26,37,0,8,15
76,27,0,0,9,15
76,28,100,5,1,10
76,29,100,5,2,10
76,30,76,5,3,10
76,31,75,5,4,10
76,32,68,5,5,10
76,33,62,5,6,10
76,34,70,5,7,10
76,35,79,5,8,10
76,36,61,5,9,10
76,37,150,5,1,15
76,38,100,5,2,15
76,39,106,5,3,15
76,40,88,5,4,15
76,41,117,5,5,15
76,42,91,5,6,15
76,43,92,5,7,15
76,44,50,5,8,15
76,45,71,5,9,15
76,46,150,10,1,15
76,47,150,10,2,15
76,48,135,10,3,15
76,49,130,10,4,15
76,50,120,10,5,15
76,51,116,10,6,15
76,52,114,10,7,15
76,53,112,10,8,15
76,54,112,10,9,15
77,1,50,0,1,5
77,2,10,0,2,5
77,3,16,0,3,5
77,4,12,0,4,5
77,5,10,0,5,5
77,6,3,0,6,5
77,7,7,0,7,5
77,8,6,0,8,5
77,9,2,0,9,5
77,10,100,0,1,10
77,11,38,0,2,10
77,12,22,0,3,10
77,13,10,0,4,10
77,14,8,0,5,10
77,15,9,0,6,10
77,16,10,0,7,10
77,17,4,0,8,10
77,18,0,0,9,10
77,19,140,0,1,15
77,20,73,0,2,15
77,21,47,0,3,15
77,22,36,0,4,15
77,23,29,0,5,15
77,24,14,0,6,15
77,25,6,0,7,15
77,26,5,0,8,15
77,27,1,0,9,15
77,28,100,5,1,10
77,29,90,5,2,10
77,30,87,5,3,10
77,31,87,5,4,10
77,32,70,5,5,10
77,33,70,5,6,10
77,34,64,5,7,10
77,35,81,5,8,10
77,36,67,5,9,10
77,37,150,5,1,15
77,38,99,5,2,15
77,39,117,5,3,15
77,40,103,5,4,15
77,41,90,5,5,15
77,42,84,5,6,15
77,43,78,5,7,15
77,44,87,5,8,15
77,45,75,5,9,15
77,46,150,10,1,15
77,47,148,10,2,15
77,48,140,10,3,15
77,49,135,10,4,15
77,50,130,10,5,15
77,51,130,10,6,15
77,52,124,10,7,15
77,53,118,10,8,15
77,54,123,10,9,15
78,1,0,0,1,5
78,2,13,0,2,5
78,3,0,0,3,5
78,4,0,0,4,5
78,5,10,0,5,5
78,6,0,0,6,5
78,7,0,0,7,5
78,8,0,0,8,5
78,9,0,0,9,5
78,10,100,0,1,10
78,11,12,0,2,10
78,12,30,0,3,10
78,13,0,0,4,10
78,14,0,0,5,10
78,15,0,0,6,10
78,16,0,0,7,10
78,17,0,0,8,10
78,18,0,0,9,10
78,19,57,0,1,15
78,20,0,0,2,15
78,21,45,0,3,15
78,22,0,0,4,15
78,23,0,0,5,15
78,24,0,0,6,15
78,25,0,0,7,15
78,26,0,0,8,15
78,27,0,0,9,15
78,28,78,5,1,10
78,29,100,5,2,10
78,30,100,5,3,10
78,31,100,5,4,10
78,32,100,5,5,10
78,33,70,5,6,10
78,34,50,5,7,10
78,35,50,5,8,10
78,36,100,5,9,10
78,37,150,5,1,15
78,38,150,5,2,15
78,39,150,5,3,15
78,40,150,5,4,15
78,41,150,5,5,15
78,42,150,5,6,15
78,43,50,5,7,15
78,44,50,5,8,15
78,45,58,5,9,15
78,46,150,10,1,15
78,47,150,10,2,15
78,48,150,10,3,15
78,49,150,10,4,15
78,50,118,10,5,15
78,51,150,10,6,15
78,52,100,10,7,15
78,53,150,10,8,15
78,54,100,10,9,15
79,1,50,0,1,5
79,2,35,0,2,5
79,3,32,0,3,5
79,4,12,0,4,5
79,5,19,0,5,5
79,6,16,0,6,5
79,7,0,0,7,5
79,8,8,0,8,5
79,9,11,0,9,5
79,10,89,0,1,10
79,11,74,0,2,10
79,12,65,0,3,10
79,13,62,0,4,10
79,14,59,0,5,10
79,15,32,0,6,10
79,16,28,0,7,10
79,17,24,0,8,10
79,18,33,0,9,10
79,19,100,0,1,15
79,20,150,0,2,15
79,21,49,0,3,15
79,22,73,0,4,15
79,23,27,0,5,15
79,24,49,0,6,15
79,25,20,0,7,15
79,26,55,0,8,15
79,27,16,0,9,15
79,28,89,5,1,10
79,29,92,5,2,10
79,30,83,5,3,10
79,31,87,5,4,10
79,32,90,5,5,10
79,33,58,5,6,10
79,34,64,5,7,10
79,35,68,5,8,10
79,36,50,5,9,10
79,37,139,5,1,15
79,38,138,5,2,15
79,39,116,5,3,15
79,40,139,5,4,15
79,41,89,5,5,15
79,42,83,5,6,15
79,43,92,5,7,15
79,44,87,5,8,15
79,45,83,5,9,15
79,46,139,10,1,15
79,47,144,10,2,15
79,48,140,10,3,15
79,49,145,10,4,15
79,50,136,10,5,15
79,51,111,10,6,15
79,52,130,10,7,15
79,53,125,10,8,15
79,54,116,10,9,15
80,1,50,0,1,5
80,2,35,0,2,5
80,3,23,0,3,5
80,4,6,0,4,5
80,5,30,0,5,5
80,6,16,0,6,5
80,7,21,0,7,5
80,8,19,0,8,5
80,9,16,0,9,5
80,10,100,0,1,10
80,11,100,0,2,10
80,12,32,0,3,10
80,13,35,0,4,10
80,14,20,0,5,10
80,15,18,0,6,10
80,16,27,0,7,10
80,17,24,0,8,10
80,18,21,0,9,10
80,19,150,0,1,15
80,20,60,0,2,15
80,21,29,0,3,15
80,22,36,0,4,15
80,23,51,0,5,15
80,24,30,0,6,15
80,25,42,0,7,15
80,26,37,0,8,15
80,27,33,0,9,15
80,28,100,5,1,10
80,29,79,5,2,10
80,30,100,5,3,10
80,31,87,5,4,10
80,32,80,5,5,10
80,33,59,5,6,10
80,34,65,5,7,10
80,35,69,5,8,10
80,36,53,5,9,10
80,37,150,5,1,15
80,38,133,5,2,15
80,39,98,5,3,15
80,40,150,5,4,15
80,41,94,5,5,15
80,42,81,5,6,15
80,43,107,5,7,15
80,44,76,5,8,15
80,45,69,5,9,15
80,46,150,10,1,15
80,47,150,10,2,15
80,48,150,10,3,15
80,49,150,10,4,15
80,50,114,10,5,15
80,51,111,10,6,15
80,52,115,10,7,15
80,53,108,10,8,15
80,54,106,10,9,15
81,1,50,0,1,5
81,2,36,0,2,5
81,3,33,0,3,5
81,4,50,0,4,5
81,5,35,0,5,5
81,6,24,0,6,5
81,7,36,0,7,5
81,8,15,0,8,5
81,9,33,0,9,5
81,10,56,0,1,10
81,11,80,0,2,10
81,12,0,0,3,10
81,13,84,0,4,10
81,14,67,0,5,10
81,15,64,0,6,10
81,16,100,0,7,10
81,17,100,0,8,10
81,18,56,0,9,10
81,19,119,0,1,15
81,20,103,0,2,15
81,21,144,0,3,15
81,22,138,0,4,15
81,23,75,0,5,15
81,24,114,0,6,15
81,25,42,0,7,15
81,26,67,0,8,15
81,27,60,0,9,15
81,28,86,5,1,10
81,29,50,5,2,10
81,30,50,5,3,10
81,31,91,5,4,10
81,32,90,5,5,10
81,33,90,5,6,10
81,34,85,5,7,10
81,35,89,5,8,10
81,36,50,5,9,10
81,37,105,5,1,15
81,38,150,5,2,15
81,39,88,5,3,15
81,40,150,5,4,15
81,41,50,5,5,15
81,42,101,5,6,15
81,43,130,5,7,15
81,44,50,5,8,15
81,45,112,5,9,15
81,46,110,10,1,15
81,47,100,10,2,15
81,48,100,10,3,15
81,49,140,10,4,15
81,50,100,10,5,15
81,51,142,10,6,15
81,52,121,10,7,15
81,53,119,10,8,15
81,54,100,10,9,15
82,1,35,0,1,5
82,2,34,0,2,5
82,3,29,0,3,5
82,4,27,0,4,5
82,5,24,0,5,5
82,6,26,0,6,5
82,7,32,0,7,5
82,8,21,0,8,5
82,9,18,0,9,5
82,10,69,0,1,10
82,11,49,0,2,10
82,12,53,0,3,10
82,13,37,0,4,10
82,14,31,0,5,10
82,15,42,0,6,10
82,16,33,0,7,10
82,17,31,0,8,10
82,18,36,0,9,10
82,19,118,0,1,15
82,20,97,0,2,15
82,21,48,0,3,15
82,22,51,0,4,15
82,23,46,0,5,15
82,24,38,0,6,15
82,25,40,0,7,15
82,26,38,0,8,15
82,27,33,0,9,15
82,28,90,5,1,10
82,29,79,5,2,10
82,30,79,5,3,10
82,31,75,5,4,10
82,32,67,5,5,10
82,33,76,5,6,10
82,34,71,5,7,10
82,35,68,5,8,10
82,36,71,5,9,10
82,37,150,5,1,15
82,38,100,5,2,15
82,39,115,5,3,15
82,40,80,5,4,15
82,41,99,5,5,15
82,42,105,5,6,15
82,43,94,5,7,15
82,44,93,5,8,15
82,45,84,5,9,15
82,46,150,10,1,15
82,47,138,10,2,15
82,48,128,10,3,15
82,49,129,10,4,15
82,50,129,10,5,15
82,51,126,10,6,15
82,52,130,10,7,15
82,53,127,10,8,15
82,54,119,10,9,15
83,1,50,0,1,5
83,2,50,0,2,5
83,3,35,0,3,5
83,4,17,0,4,5
83,5,4,0,5,5
83,6,19,0,6,5
83,7,0,0,7,5
83,8,0,0,8,5
83,9,0,0,9,5
83,10,100,0,1,10
83,11,100,0,2,10
83,12,32,0,3,10
83,13,43,0,4,10
83,14,21,0,5,10
83,15,27,0,6,10
83,16,0,0,7,10
83,17,0,0,8,10
83,18,0,0,9,10
83,19,150,0,1,15
83,20,150,0,2,15
83,21,150,0,3,15
83,22,49,0,4,15
83,23,42,0,5,15
83,24,0,0,6,15
83,25,40,0,7,15
83,26,0,0,8,15
83,27,16,0,9,15
83,28,100,5,1,10
83,29,91,5,2,10
83,30,75,5,3,10
83,31,100,5,4,10
83,32,74,5,5,10
83,33,66,5,6,10
83,34,59,5,7,10
83,35,53,5,8,10
83,36,57,5,9,10
83,37,150,5,1,15
83,38,150,5,2,15
83,39,150,5,3,15
83,40,99,5,4,15
83,41,94,5,5,15
83,42,84,5,6,15
83,43,75,5,7,15
83,44,67,5,8,15
83,45,58,5,9,15
83,46,150,10,1,15
83,47,150,10,2,15
83,48,150,10,3,15
83,49,132,10,4,15
83,50,130,10,5,15
83,51,127,10,6,15
83,52,122,10,7,15
83,53,114,10,8,15
83,54,100,10,9,15
84,1,50,0,1,5
84,2,48,0,2,5
84,3,50,0,3,5
84,4,33,0,4,5
84,5,18,0,5,5
84,6,0,0,6,5
84,7,29,0,7,5
84,8,10,0,8,5
84,9,13,0,9,5
84,10,100,0,1,10
84,11,100,0,2,10
84,12,79,0,3,10
84,13,37,0,4,10
84,14,42,0,5,10
84,15,0,0,6,10
84,16,38,0,7,10
84,17,19,0,8,10
84,18,0,0,9,10
84,19,150,0,1,15
84,20,150,0,2,15
84,21,119,0,3,15
84,22,150,0,4,15
84,23,22,0,5,15
84,24,42,0,6,15
84,25,70,0,7,15
84,26,26,0,8,15
84,27,0,0,9,15
84,28,100,5,1,10
84,29,90,5,2,10
84,30,100,5,3,10
84,31,75,5,4,10
84,32,84,5,5,10
84,33,85,5,6,10
84,34,50,5,7,10
84,35,76,5,8,10
84,36,67,5,9,10
84,37,150,5,1,15
84,38,130,5,2,15
84,39,120,5,3,15
84,40,130,5,4,15
84,41,86,5,5,15
84,42,113,5,6,15
84,43,92,5,7,15
84,44,85,5,8,15
84,45,93,5,9,15
84,46,150,10,1,15
84,47,150,10,2,15
84,48,150,10,3,15
84,49,150,10,4,15
84,50,100,10,5,15
84,51,129,10,6,15
84,52,150,10,7,15
84,53,110,10,8,15
84,54,135,10,9,15
85,1,50,0,1,5
85,2,25,0,2,5
85,3,20,0,3,5
85,4,11,0,4,5
85,5,10,0,5,5
85,6,0,0,6,5
85,7,0,0,7,5
85,8,0,0,8,5
85,9,0,0,9,5
85,10,100,0,1,10
85,11,51,0,2,10
85,12,21,0,3,10
85,13,23,0,4,10
85,14,25,0,5,10
85,15,25,0,6,10
85,16,13,0,7,10
85,17,0,0,8,10
85,18,0,0,9,10
85,19,150,0,1,15
85,20,20,0,2,15
85,21,51,0,3,15
85,22,24,0,4,15
85,23,25,0,5,15
85,24,11,0,6,15
85,25,25,0,7,15
85,26,10,0,8,15
85,27,0,0,9,15
85,28,100,5,1,10
85,29,100,5,2,10
85,30,100,5,3,10
85,31,100,5,4,10
85,32,50,5,5,10
85,33,100,5,6,10
85,34,50,5,7,10
85,35,50,5,8,10
85,36,50,5,9,10
85,37,150,5,1,15
85,38,150,5,2,15
85,39,150,5,3,15
85,40,150,5,4,15
85,41,150,5,5,15
85,42,102,5,6,15
85,43,150,5,7,15
85,44,50,5,8,15
85,45,50,5,9,15
85,46,150,10,1,15
85,47,150,10,2,15
85,48,150,10,3,15
85,49,150,10,4,15
85,50,150,10,5,15
85,51,150,10,6,15
85,52,150,10,7,15
85,53,150,10,8,15
85,54,100,10,9,15
86,1,50,0,1,5
86,2,24,0,2,5
86,3,40,0,3,5
86,4,25,0,4,5
86,5,19,0,5,5
86,6,8,0,6,5
86,7,7,0,7,5
86,8,12,0,8,5
86,9,0,0,9,5
86,10,100,0,1,10
86,11,100,0,2,10
86,12,32,0,3,10
86,13,11,0,4,10
86,14,20,0,5,10
86,15,15,0,6,10
86,16,13,0,7,10
86,17,12,0,8,10
86,18,0,0,9,10
86,19,109,0,1,15
86,20,72,0,2,15
86,21,20,0,3,15
86,22,50,0,4,15
86,23,28,0,5,15
86,24,49,0,6,15
86,25,20,0,7,15
86,26,37,0,8,15
86,27,0,0,9,15
86,28,100,5,1,10
86,29,100,5,2,10
86,30,100,5,3,10
86,31,100,5,4,10
86,32,80,5,5,10
86,33,79,5,6,10
86,34,71,5,7,10
86,35,56,5,8,10
86,36,50,5,9,10
86,37,150,5,1,15
86,38,150,5,2,15
86,39,115,5,3,15
86,40,99,5,4,15
86,41,90,5,5,15
86,42,100,5,6,15
86,43,78,5,7,15
86,44,88,5,8,15
86,45,72,5,9,15
86,46,150,10,1,15
86,47,150,10,2,15
86,48,150,10,3,15
86,49,129,10,4,15
86,50,141,10,5,15
86,51,127,10,6,15
86,52,150,10,7,15
86,53,112,10,8,15
86,54,111,10,9,15
87,1,50,0,1,5
87,2,50,0,2,5
87,3,33,0,3,5
87,4,13,0,4,5
87,5,0,0,5,5
87,6,0,0,6,5
87,7,0,0,7,5
87,8,0,0,8,5
87,9,0,0,9,5
87,10,100,0,1,10
87,11,0,0,2,10
87,12,32,0,3,10
87,13,67,0,4,10
87,14,0,0,5,10
87,15,0,0,6,10
87,16,0,0,7,10
87,17,0,0,8,10
87,18,0,0,9,10
87,19,150,0,1,15
87,20,139,0,2,15
87,21,0,0,3,15
87,22,0,0,4,15
87,23,0,0,5,15
87,24,0,0,6,15
87,25,0,0,7,15
87,26,0,0,8,15
87,27,0,0,9,15
87,28,100,5,1,10
87,29,100,5,2,10
87,30,83,5,3,10
87,31,72,5,4,10
87,32,69,5,5,10
87,33,50,5,6,10
87,34,100,5,7,10
87,35,56,5,8,10
87,36,50,5,9,10
87,37,150,5,1,15
87,38,150,5,2,15
87,39,150,5,3,15
87,40,150,5,4,15
87,41,113,5,5,15
87,42,94,5,6,15
87,43,50,5,7,15
87,44,50,5,8,15
87,45,50,5,9,15
87,46,150,10,1,15
87,47,150,10,2,15
87,48,150,10,3,15
87,49,150,10,4,15
87,50,118,10,5,15
87,51,100,10,6,15
87,52,112,10,7,15
87,53,100,10,8,15
87,54,100,10,9,15
88,1,50,0,1,5
88,2,23,0,2,5
88,3,16,0,3,5
88,4,12,0,4,5
88,5,19,0,5,5
88,6,8,0,6,5
88,7,14,0,7,5
88,8,12,0,8,5
88,9,11,0,9,5
88,10,100,0,1,10
88,11,49,0,2,10
88,12,32,0,3,10
88,13,24,0,4,10
88,14,20,0,5,10
88,15,24,0,6,10
88,16,28,0,7,10
88,17,24,0,8,10
88,18,0,0,9,10
88,19,150,0,1,15
88,20,74,0,2,15
88,21,49,0,3,15
88,22,72,0,4,15
88,23,51,0,5,15
88,24,50,0,6,15
88,25,30,0,7,15
88,26,37,0,8,15
88,27,33,0,9,15
88,28,100,5,1,10
88,29,90,5,2,10
88,30,75,5,3,10
88,31,74,5,4,10
88,32,70,5,5,10
88,33,66,5,6,10
88,34,71,5,7,10
88,35,69,5,8,10
88,36,61,5,9,10
88,37,150,5,1,15
88,38,100,5,2,15
88,39,100,5,3,15
88,40,100,5,4,15
88,41,101,5,5,15
88,42,83,5,6,15
88,43,79,5,7,15
88,44,100,5,8,15
88,45,83,5,9,15
88,46,150,10,1,15
88,47,124,10,2,15
88,48,133,10,3,15
88,49,150,10,4,15
88,50,120,10,5,15
88,51,116,10,6,15
88,52,110,10,7,15
88,53,125,10,8,15
88,54,100,10,9,15
89,1,50,0,1,5
89,2,50,0,2,5
89,3,50,0,3,5
89,4,20,0,4,5
89,5,0,0,5,5
89,6,16,0,6,5
89,7,14,0,7,5
89,8,0,0,8,5
89,9,0,0,9,5
89,10,100,0,1,10
89,11,100,0,2,10
89,12,72,0,3,10
89,13,49,0,4,10
89,14,39,0,5,10
89,15,20,0,6,10
89,16,0,0,7,10
89,17,0,0,8,10
89,18,0,0,9,10
89,19,150,0,1,15
89,20,150,0,2,15
89,21,150,0,3,15
89,22,0,0,4,15
89,23,0,0,5,15
89,24,0,0,6,15
89,25,0,0,7,15
89,26,0,0,8,15
89,27,0,0,9,15
89,28,100,5,1,10
89,29,100,5,2,10
89,30,100,5,3,10
89,31,75,5,4,10
89,32,100,5,5,10
89,33,79,5,6,10
89,34,50,5,7,10
89,35,50,5,8,10
89,36,50,5,9,10
89,37,150,5,1,15
89,38,150,5,2,15
89,39,150,5,3,15
89,40,117,5,4,15
89,41,101,5,5,15
89,42,99,5,6,15
89,43,84,5,7,15
89,44,50,5,8,15
89,45,50,5,9,15
89,46,150,10,1,15
89,47,150,10,2,15
89,48,150,10,3,15
89,49,125,10,4,15
89,50,150,10,5,15
89,51,116,10,6,15
89,52,111,10,7,15
89,53,110,10,8,15
89,54,100,10,9,15
90,1,50,0,1,5
90,2,50,0,2,5
90,3,50,0,3,5
90,4,18,0,4,5
90,5,17,0,5,5
90,6,13,0,6,5
90,7,19,0,7,5
90,8,25,0,8,5
90,9,19,0,9,5
90,10,100,0,1,10
90,11,82,0,2,10
90,12,64,0,3,10
90,13,70,0,4,10
90,14,87,0,5,10
90,15,75,0,6,10
90,16,50,0,7,10
90,17,50,0,8,10
90,18,33,0,9,10
90,19,150,0,1,15
90,20,150,0,2,15
90,21,99,0,3,15
90,22,113,0,4,15
90,23,105,0,5,15
90,24,74,0,6,15
90,25,62,0,7,15
90,26,55,0,8,15
90,27,40,0,9,15
90,28,100,5,1,10
90,29,85,5,2,10
90,30,83,5,3,10
90,31,87,5,4,10
90,32,85,5,5,10
90,33,71,5,6,10
90,34,71,5,7,10
90,35,75,5,8,10
90,36,75,5,9,10
90,37,140,5,1,15
90,38,121,5,2,15
90,39,102,5,3,15
90,40,134,5,4,15
90,41,115,5,5,15
90,42,114,5,6,15
90,43,95,5,7,15
90,44,75,5,8,15
90,45,94,5,9,15
90,46,144,10,1,15
90,47,137,10,2,15
90,48,142,10,3,15
90,49,137,10,4,15
90,50,130,10,5,15
90,51,121,10,6,15
90,52,125,10,7,15
90,53,121,10,8,15
90,54,128,10,9,15
91,1,50,0,1,5
91,2,24,0,2,5
91,3,14,0,3,5
91,4,15,0,4,5
91,5,14,0,5,5
91,6,13,0,6,5
91,7,14,0,7,5
91,8,11,0,8,5
91,9,11,0,9,5
91,10,100,0,1,10
91,11,51,0,2,10
91,12,31,0,3,10
91,13,22,0,4,10
91,14,23,0,5,10
91,15,20,0,6,10
91,16,21,0,7,10
91,17,12,0,8,10
91,18,11,0,9,10
91,19,150,0,1,15
91,20,73,0,2,15
91,21,47,0,3,15
91,22,47,0,4,15
91,23,35,0,5,15
91,24,22,0,6,15
91,25,19,0,7,15
91,26,19,0,8,15
91,27,16,0,9,15
91,28,84,5,1,10
91,29,100,5,2,10
91,30,69,5,3,10
91,31,87,5,4,10
91,32,80,5,5,10
91,33,67,5,6,10
91,34,60,5,7,10
91,35,69,5,8,10
91,36,50,5,9,10
91,37,150,5,1,15
91,38,97,5,2,15
91,39,150,5,3,15
91,40,80,5,4,15
91,41,70,5,5,15
91,42,71,5,6,15
91,43,63,5,7,15
91,44,87,5,8,15
91,45,72,5,9,15
91,46,150,10,1,15
91,47,150,10,2,15
91,48,136,10,3,15
91,49,121,10,4,15
91,50,150,10,5,15
91,51,127,10,6,15
91,52,100,10,7,15
91,53,100,10,8,15
91,54,100,10,9,15
92,1,0,0,1,5
92,2,20,0,2,5
92,3,0,0,3,5
92,4,50,0,4,5
92,5,30,0,5,5
92,6,0,0,6,5
92,7,0,0,7,5
92,8,0,0,8,5
92,9,0,0,9,5
92,10,100,0,1,10
92,11,100,0,2,10
92,12,64,0,3,10
92,13,74,0,4,10
92,14,39,0,5,10
92,15,32,0,6,10
92,16,42,0,7,10
92,17,0,0,8,10
92,18,21,0,9,10
92,19,150,0,1,15
92,20,150,0,2,15
92,21,98,0,3,15
92,22,73,0,4,15
92,23,59,0,5,15
92,24,49,0,6,15
92,25,63,0,7,15
92,26,55,0,8,15
92,27,49,0,9,15
92,28,100,5,1,10
92,29,100,5,2,10
92,30,100,5,3,10
92,31,75,5,4,10
92,32,70,5,5,10
92,33,66,5,6,10
92,34,65,5,7,10
92,35,68,5,8,10
92,36,61,5,9,10
92,37,150,5,1,15
92,38,150,5,2,15
92,39,50,5,3,15
92,40,99,5,4,15
92,41,109,5,5,15
92,42,83,5,6,15
92,43,64,5,7,15
92,44,74,5,8,15
92,45,95,5,9,15
92,46,150,10,1,15
92,47,150,10,2,15
92,48,133,10,3,15
92,49,150,10,4,15
92,50,150,10,5,15
92,51,116,10,6,15
92,52,114,10,7,15
92,53,100,10,8,15
92,54,100,10,9,15
93,1,20,0,1,5
93,2,50,0,2,5
93,3,50,0,3,5
93,4,50,0,4,5
93,5,44,0,5,5
93,6,50,0,6,5
93,7,50,0,7,5
93,8,10,0,8,5
93,9,14,0,9,5
93,10,72,0,1,10
93,11,100,0,2,10
93,12,64,0,3,10
93,13,53,0,4,10
93,14,90,0,5,10
93,15,100,0,6,10
93,16,24,0,7,10
93,17,64,0,8,10
93,18,61,0,9,10
93,19,150,0,1,15
93,20,15,0,2,15
93,21,105,0,3,15
93,22,150,0,4,15
93,23,150,0,5,15
93,24,150,0,6,15
93,25,105,0,7,15
93,26,114,0,8,15
93,27,150,0,9,15
93,28,80,5,1,10
93,29,68,5,2,10
93,30,50,5,3,10
93,31,100,5,4,10
93,32,78,5,5,10
93,33,65,5,6,10
93,34,77,5,7,10
93,35,100,5,8,10
93,36,60,5,9,10
93,37,90,5,1,15
93,38,150,5,2,15
93,39,150,5,3,15
93,40,150,5,4,15
93,41,150,5,5,15
93,42,85,5,6,15
93,43,70,5,7,15
93,44,133,5,8,15
93,45,150,5,9,15
93,46,150,10,1,15
93,47,150,10,2,15
93,48,150,10,3,15
93,49,150,10,4,15
93,50,150,10,5,15
93,51,123,10,6,15
93,52,147,10,7,15
93,53,150,10,8,15
93,54,111,10,9,15
94,1,25,0,1,5
94,2,35,0,2,5
94,3,20,0,3,5
94,4,11,0,4,5
94,5,25,0,5,5
94,6,8,0,6,5
94,7,12,0,7,5
94,8,5,0,8,5
94,9,5,0,9,5
94,10,70,0,1,10
94,11,69,0,2,10
94,12,49,0,3,10
94,13,60,0,4,10
94,14,37,0,5,10
94,15,83,0,6,10
94,16,30,0,7,10
94,17,47,0,8,10
94,18,11,0,9,10
94,19,60,0,1,15
94,20,90,0,2,15
94,21,45,0,3,15
94,22,74,0,4,15
94,23,40,0,5,15
94,24,40,0,6,15
94,25,26,0,7,15
94,26,21,0,8,15
94,27,34,0,9,15
94,28,100,5,1,10
94,29,72,5,2,10
94,30,87,5,3,10
94,31,84,5,4,10
94,32,80,5,5,10
94,33,89,5,6,10
94,34,70,5,7,10
94,35,62,5,8,10
94,36,75,5,9,10
94,37,140,5,1,15
94,38,100,5,2,15
94,39,90,5,3,15
94,40,97,5,4,15
94,41,138,5,5,15
94,42,109,5,6,15
94,43,90,5,7,15
94,44,70,5,8,15
94,45,84,5,9,15
94,46,148,10,1,15
94,47,137,10,2,15
94,48,127,10,3,15
94,49,125,10,4,15
94,50,134,10,5,15
94,51,122,10,6,15
94,52,134,10,7,15
94,53,125,10,8,15
94,54,115,10,9,15
95,1,50,0,1,5
95,2,32,0,2,5
95,3,23,0,3,5
95,4,15,0,4,5
95,5,12,0,5,5
95,6,13,0,6,5
95,7,9,0,7,5
95,8,10,0,8,5
95,9,7,0,9,5
95,10,45,0,1,10
95,11,66,0,2,10
95,12,51,0,3,10
95,13,32,0,4,10
95,14,88,0,5,10
95,15,22,0,6,10
95,16,15,0,7,10
95,17,23,0,8,10
95,18,18,0,9,10
95,19,150,0,1,15
95,20,70,0,2,15
95,21,57,0,3,15
95,22,51,0,4,15
95,23,49,0,5,15
95,24,75,0,6,15
95,25,39,0,7,15
95,26,32,0,8,15
95,27,99,0,9,15
95,28,100,5,1,10
95,29,87,5,2,10
95,30,100,5,3,10
95,31,68,5,4,10
95,32,90,5,5,10
95,33,63,5,6,10
95,34,65,5,7,10
95,35,57,5,8,10
95,36,66,5,9,10
95,37,150,5,1,15
95,38,150,5,2,15
95,39,80,5,3,15
95,40,105,5,4,15
95,41,123,5,5,15
95,42,71,5,6,15
95,43,92,5,7,15
95,44,123,5,8,15
95,45,78,5,9,15
95,46,139,10,1,15
95,47,123,10,2,15
95,48,122,10,3,15
95,49,135,10,4,15
95,50,117,10,5,15
95,51,127,10,6,15
95,52,123,10,7,15
95,53,100,10,8,15
95,54,115,10,9,15
96,1,20,0,1,5
96,2,45,0,2,5
96,3,36,0,3,5
96,4,50,0,4,5
96,5,40,0,5,5
96,6,50,0,6,5
96,7,43,0,7,5
96,8,50,0,8,5
96,9,45,0,9,5
96,10,52,0,1,10
96,11,63,0,2,10
96,12,43,0,3,10
96,13,67,0,4,10
96,14,60,0,5,10
96,15,75,0,6,10
96,16,80,0,7,10
96,17,100,0,8,10
96,18,100,0,9,10
96,19,84,0,1,15
96,20,84,0,2,15
96,21,107,0,3,15
96,22,87,0,4,15
96,23,90,0,5,15
96,24,113,0,6,15
96,25,141,0,7,15
96,26,150,0,8,15
96,27,150,0,9,15
96,28,72,5,1,10
96,29,78,5,2,10
96,30,71,5,3,10
96,31,83,5,4,10
96,32,90,5,5,10
96,33,88,5,6,10
96,34,92,5,7,10
96,35,82,5,8,10
96,36,93,5,9,10
96,37,95,5,1,15
96,38,100,5,2,15
96,39,108,5,3,15
96,40,117,5,4,15
96,41,110,5,5,15
96,42,135,5,6,15
96,43,150,5,7,15
96,44,101,5,8,15
96,45,105,5,9,15
96,46,128,10,1,15
96,47,119,10,2,15
96,48,132,10,3,15
96,49,129,10,4,15
96,50,129,10,5,15
96,51,150,10,6,15
96,52,150,10,7,15
96,53,150,10,8,15
96,54,150,10,9,15
